1000 1095
0 566
1 56
1 98
1 571
2 110
2 421
3 48
4 264
5 582
5 671
5 962
6 365
7 827
7 868
8 352
8 564
8 875
9 85
9 274
10 369
10 457
11 995
12 224
13 168
13 180
13 212
13 306
13 396
14 583
14 991
15 290
16 880
17 487
18 384
19 74
19 147
19 200
19 202
19 592
19 678
19 796
20 226
21 982
21 989
22 41
22 73
23 144
23 824
23 880
24 472
25 713
26 958
27 549
28 778
29 72
29 226
29 852
29 965
30 408
31 354
32 527
33 579
33 810
34 65
34 993
35 484
35 888
35 966
36 153
37 680
37 735
38 206
38 699
39 410
39 815
40 70
40 774
41 338
41 852
42 276
43 906
44 815
45 66
45 823
46 342
47 252
47 466
48 270
48 490
49 411
50 339
50 694
51 238
51 399
52 170
53 140
54 932
55 834
57 820
58 249
58 269
58 458
58 516
58 667
59 592
59 688
60 337
60 698
60 764
60 845
61 525
61 932
62 564
62 824
63 303
64 860
64 971
65 194
65 715
66 189
67 688
68 271
68 635
69 633
70 188
70 404
71 281
71 487
71 533
71 547
71 859
72 921
73 531
73 849
75 535
76 259
76 518
76 712
77 720
78 348
78 618
79 444
79 456
79 646
80 443
80 486
80 737
81 637
81 893
82 963
83 104
84 310
86 210
86 281
86 496
86 627
87 161
87 340
88 419
89 199
89 213
89 229
89 462
89 969
89 982
90 146
91 183
91 605
91 624
91 782
92 887
93 522
94 487
95 913
96 853
96 886
97 619
98 566
98 613
99 562
100 346
100 834
101 286
101 692
102 519
102 625
103 367
104 265
104 364
105 220
106 257
107 211
107 929
107 982
108 218
108 389
108 832
109 672
109 858
110 958
111 524
112 641
113 699
113 753
114 308
114 320
114 620
114 712
114 857
114 891
115 968
116 403
117 779
118 507
119 575
120 490
120 628
120 688
120 947
121 195
122 500
123 415
124 706
124 825
125 153
125 752
125 893
126 858
127 336
127 782
128 316
128 544
129 210
129 259
129 489
129 960
130 580
131 353
131 404
131 449
131 475
131 877
132 456
133 549
134 756
134 985
135 854
136 614
137 146
137 417
138 159
139 496
140 540
141 618
141 683
142 410
142 828
143 340
143 379
143 380
143 462
143 514
143 580
143 835
143 906
145 500
146 200
146 545
147 423
147 699
147 826
148 809
148 824
149 948
150 682
151 643
151 844
151 896
152 635
152 820
153 400
153 926
154 309
155 194
156 185
156 608
157 614
158 849
159 439
159 577
159 736
160 906
160 996
162 470
162 738
163 532
164 960
165 457
166 221
166 328
166 446
166 906
167 470
167 500
168 198
168 352
168 953
169 222
169 265
170 450
171 430
171 559
172 407
173 224
173 352
173 598
174 196
174 247
174 604
175 729
175 948
176 857
177 517
178 267
179 587
179 973
180 712
180 911
181 580
182 419
183 579
183 994
184 273
184 558
184 884
186 745
187 651
188 822
189 618
190 581
191 524
191 958
192 700
192 710
192 948
193 207
193 310
193 424
193 984
195 566
195 691
195 725
195 790
195 918
196 432
196 437
196 784
196 823
197 682
197 912
199 280
200 964
200 986
201 569
201 723
201 741
201 910
203 252
203 964
204 248
204 828
205 760
206 282
206 543
208 281
208 502
208 809
208 812
209 585
210 234
210 517
210 743
211 933
213 987
214 611
215 289
215 874
215 880
216 893
217 634
217 706
218 360
218 362
219 271
220 270
221 248
221 848
222 246
222 740
223 243
224 942
225 237
225 528
225 731
226 520
227 345
228 516
230 270
231 517
231 954
232 406
232 711
232 878
233 399
234 699
235 514
236 342
239 986
240 964
241 278
241 482
242 479
242 982
243 553
243 566
244 300
244 644
244 649
244 930
245 423
245 601
248 342
248 472
249 336
249 383
249 910
250 260
250 415
251 620
253 746
253 808
254 862
255 447
256 277
257 551
257 893
258 801
258 863
260 562
261 577
262 320
263 496
264 627
265 340
266 839
266 922
267 303
267 351
267 419
267 775
267 919
267 927
268 288
268 726
268 838
269 885
269 999
270 441
270 982
271 428
271 853
272 438
273 862
274 339
275 496
276 435
276 986
277 432
279 706
279 709
280 944
281 466
281 528
281 597
281 668
282 301
282 355
282 407
282 475
283 485
283 570
283 592
283 638
283 733
284 756
284 757
285 309
285 414
285 655
285 826
286 996
287 978
289 296
289 739
289 854
290 465
290 611
290 782
291 521
291 943
292 398
293 891
294 688
295 467
295 837
297 857
298 539
299 501
299 831
301 818
301 967
302 572
303 468
303 627
303 734
304 592
304 717
305 375
306 632
307 872
309 540
309 686
309 985
310 504
310 935
311 567
311 999
312 451
313 838
314 407
315 359
315 580
316 418
316 669
316 721
317 367
317 409
317 594
317 610
318 585
318 670
318 698
318 721
318 765
318 991
319 451
320 330
320 441
320 718
320 866
321 409
321 636
322 515
323 728
323 963
324 668
324 710
325 588
325 734
326 743
326 838
326 864
326 988
327 670
329 527
329 849
331 400
331 722
331 931
331 992
332 428
333 620
334 404
334 986
335 627
335 647
336 771
339 590
339 772
340 707
341 522
341 749
341 939
342 389
342 406
342 589
342 716
342 738
343 808
344 875
345 749
346 381
347 637
348 524
349 755
350 911
352 399
352 640
354 581
356 952
357 909
358 942
359 861
361 698
362 772
363 446
363 654
363 663
363 779
363 869
363 995
365 648
366 578
367 398
367 759
367 946
368 515
368 643
369 876
370 517
371 484
371 574
371 652
372 461
372 698
373 670
374 993
375 795
375 826
376 462
376 949
377 859
378 727
379 750
380 799
381 528
382 893
384 534
384 721
384 850
385 526
385 745
386 783
387 825
388 913
389 557
389 646
389 715
390 905
391 511
392 671
392 858
393 968
394 801
395 432
395 723
396 807
397 523
397 619
398 684
398 754
398 767
401 904
402 798
403 948
404 751
404 900
405 599
406 552
406 681
407 826
408 979
409 481
410 412
410 440
410 708
411 893
412 539
413 924
414 760
415 615
415 938
415 983
416 929
418 595
418 760
418 883
419 515
419 601
420 645
421 510
421 566
421 618
421 705
421 736
421 867
422 448
422 542
422 617
422 649
422 723
422 901
422 902
424 426
425 721
426 784
426 847
427 912
428 532
428 960
429 742
431 517
431 571
431 913
431 916
433 504
434 952
436 865
437 574
438 715
438 722
440 457
441 769
442 688
443 517
443 557
444 679
445 728
445 889
447 790
450 484
451 640
452 465
453 530
454 596
454 813
454 859
454 921
455 614
455 905
457 462
458 561
459 916
460 785
462 555
462 762
463 881
463 891
464 487
466 794
467 591
469 921
470 783
471 508
471 556
473 522
474 608
474 763
475 826
475 872
476 954
477 832
478 533
480 620
480 714
481 973
482 790
483 944
484 548
484 889
485 861
486 584
488 745
490 977
491 710
492 661
493 909
493 955
494 656
495 619
495 908
497 831
498 932
499 991
500 922
501 512
502 935
503 509
504 566
504 624
504 955
505 594
506 537
506 728
507 927
508 510
509 515
509 578
509 595
509 720
509 786
509 832
510 979
511 537
511 642
511 699
511 745
511 785
511 926
511 990
512 624
513 618
514 776
515 974
517 699
518 529
519 802
520 893
522 623
522 826
523 778
523 991
524 568
525 664
530 687
530 952
531 592
531 884
532 604
532 696
534 729
535 569
536 943
537 573
538 955
539 960
541 812
546 968
546 998
549 822
550 954
551 633
553 602
554 826
555 616
555 779
556 610
556 841
556 922
557 824
557 959
559 596
560 916
561 850
562 592
562 706
563 929
565 709
566 574
566 660
566 827
566 892
567 870
567 997
568 811
570 701
570 788
572 612
573 692
573 805
573 928
574 575
575 747
576 770
577 823
578 833
580 839
580 958
580 999
581 743
584 650
584 770
584 806
586 859
589 735
589 817
590 621
590 960
591 781
591 992
592 943
593 849
594 598
595 732
595 897
595 964
597 758
597 948
599 712
600 968
601 981
603 790
606 931
607 788
608 670
609 866
610 712
610 774
612 973
612 981
613 797
613 932
613 961
614 846
614 911
615 812
616 789
616 889
617 766
618 685
620 777
620 855
620 879
620 917
622 721
622 940
623 640
624 999
626 627
626 941
629 671
629 882
629 937
629 950
630 752
631 757
632 819
635 934
637 904
638 744
639 704
639 755
640 700
641 792
641 912
641 981
644 706
644 731
645 676
645 955
646 806
648 866
649 697
649 826
649 895
649 922
651 852
651 981
652 895
653 714
656 672
656 889
657 774
657 843
658 680
658 910
659 742
659 763
659 961
660 889
661 986
662 681
662 931
663 689
665 720
666 697
668 860
668 963
670 699
670 768
670 971
671 964
673 690
673 752
674 872
675 715
676 682
677 762
682 732
682 976
684 975
686 829
687 748
687 830
688 968
692 894
693 825
695 918
697 791
699 703
699 712
699 801
699 999
701 861
702 943
704 912
711 800
713 983
714 936
719 750
720 793
720 903
722 960
723 925
724 948
725 907
727 808
730 820
733 808
736 771
743 851
743 970
758 796
759 924
760 798
761 906
767 923
771 886
771 914
773 850
773 945
775 980
780 876
784 955
785 887
787 804
788 802
788 837
788 991
803 911
804 960
811 972
814 967
815 822
816 970
818 876
820 955
821 979
822 986
825 873
827 834
827 870
833 910
834 840
836 893
841 965
842 880
849 975
852 915
853 984
856 922
863 878
865 982
871 900
873 905
879 920
880 909
888 969
890 922
891 898
893 943
899 954
905 922
907 957
908 972
909 977
910 999
917 989
919 984
927 951
948 956
952 960
965 978
967 968
981 999
