1000 1095
0 448
0 556
1 259
1 310
1 740
2 216
2 735
2 957
3 97
4 843
4 853
5 72
6 40
7 35
7 109
7 148
7 455
7 489
7 703
8 260
8 386
8 528
8 664
9 182
9 284
10 88
10 244
10 253
10 999
11 437
11 438
11 488
11 821
12 189
12 522
12 666
12 886
13 690
14 85
14 163
14 235
14 375
14 394
14 804
15 373
15 815
16 320
16 508
16 560
16 650
16 843
17 108
17 524
17 843
18 453
19 501
20 457
21 289
22 284
22 800
23 742
24 905
25 370
25 379
25 651
26 351
27 381
27 602
28 432
29 54
29 289
29 840
30 118
30 883
31 289
32 261
32 570
33 817
34 519
34 755
34 999
35 132
36 328
37 557
38 534
38 621
39 959
40 352
40 809
40 904
41 73
42 950
43 190
43 454
43 623
43 769
43 855
44 735
45 163
45 213
45 520
45 545
46 105
47 69
47 562
47 720
48 87
48 145
49 193
50 789
51 100
51 212
52 356
53 832
54 607
54 650
55 367
55 393
55 848
56 944
57 88
57 933
58 388
59 598
59 657
60 403
60 478
60 843
61 176
61 362
61 601
62 548
62 807
62 978
63 874
64 797
65 597
66 436
66 491
66 916
67 603
68 511
70 72
70 238
70 637
70 705
70 725
71 473
72 135
73 163
73 406
73 459
73 876
74 893
75 344
75 622
75 754
75 882
76 90
76 120
76 505
77 323
77 461
77 807
78 421
78 814
79 369
79 511
79 790
79 820
80 541
80 755
81 519
81 719
81 834
82 136
82 715
83 391
83 660
84 113
85 679
85 735
86 119
86 830
87 226
88 169
88 850
89 349
90 829
91 99
91 411
91 723
92 194
92 273
92 457
92 536
92 656
93 942
94 913
95 404
95 501
95 654
95 991
96 98
96 873
97 366
97 399
97 426
97 629
97 727
97 768
97 884
99 311
100 141
101 566
102 477
102 872
103 897
104 434
105 660
106 272
107 693
108 150
109 447
109 522
109 879
110 165
110 523
110 530
111 564
111 578
111 781
112 121
112 334
113 357
113 712
114 457
115 726
115 892
115 903
116 199
116 347
117 157
118 430
118 580
118 865
119 548
119 745
119 841
119 920
121 676
122 417
122 451
122 854
123 305
123 498
123 652
124 403
125 831
126 581
127 842
128 492
128 671
128 921
129 347
129 826
130 234
131 983
132 796
133 163
134 709
136 268
136 883
137 171
137 833
138 172
138 200
138 562
138 609
138 655
139 481
140 560
141 518
141 759
142 640
142 816
143 471
143 964
144 901
145 917
146 289
147 619
148 943
149 420
149 824
150 152
150 375
151 392
151 527
151 529
151 914
152 812
153 330
153 999
154 486
154 774
155 982
156 544
157 833
158 184
159 273
159 451
159 471
159 481
159 642
159 939
160 576
160 893
160 910
161 463
161 493
162 207
162 561
163 511
163 845
163 872
163 894
163 928
163 938
163 999
164 290
165 182
165 553
165 713
165 934
166 911
167 625
167 909
167 923
167 928
168 525
168 722
169 460
169 578
169 605
169 988
170 289
170 533
170 982
171 363
171 996
172 408
173 602
174 587
175 382
175 805
177 329
178 867
179 919
180 495
181 549
182 285
183 455
184 985
185 647
185 926
186 220
186 585
186 609
187 201
187 504
187 931
188 869
189 271
190 961
191 819
192 433
193 225
194 740
195 451
195 811
196 656
197 290
197 408
197 788
197 968
198 655
199 668
199 786
199 834
200 558
202 939
203 229
203 435
204 773
205 458
206 241
206 602
207 330
207 892
208 642
209 219
209 700
209 854
210 319
210 425
211 735
211 783
213 310
214 921
215 324
215 355
215 831
217 364
217 685
218 381
220 595
220 718
221 736
221 864
222 498
223 552
223 881
223 933
224 289
224 723
225 462
225 814
226 289
226 409
227 522
227 682
227 749
228 522
230 625
230 835
231 548
231 626
232 667
233 481
234 328
234 628
234 898
235 258
235 778
236 479
237 421
238 899
238 921
239 285
239 825
240 832
242 756
243 290
244 348
244 541
245 285
246 258
246 751
247 902
248 778
248 928
249 843
250 399
251 338
251 841
251 848
252 762
252 763
252 931
254 306
254 395
254 683
254 690
254 794
255 440
256 542
256 544
257 549
261 265
261 378
261 451
262 342
262 557
263 384
264 573
266 506
267 535
267 602
269 437
270 645
272 913
273 379
273 422
273 977
273 992
274 284
274 848
274 897
275 496
276 396
276 689
276 757
277 371
277 447
277 617
277 621
277 885
278 424
279 768
279 834
280 422
281 416
282 585
283 619
283 737
283 772
284 474
285 288
285 599
285 916
286 332
286 738
286 968
287 298
287 638
289 435
289 887
290 329
291 972
292 394
292 464
292 847
293 902
294 480
294 513
294 564
294 572
294 630
294 950
295 762
295 771
296 807
297 627
297 741
299 423
299 533
300 624
301 947
302 583
302 947
302 951
303 375
304 715
304 828
304 870
305 653
305 912
306 321
306 451
306 793
306 891
306 918
307 587
308 578
309 674
310 479
310 544
312 523
312 856
312 928
313 449
313 862
314 410
315 487
315 750
316 541
317 326
318 882
319 883
322 778
324 418
324 603
324 984
325 413
325 465
326 634
326 639
326 937
327 435
328 445
330 479
330 601
331 818
331 924
333 846
334 776
334 843
335 452
335 546
336 345
336 947
337 444
337 548
339 566
339 917
340 854
340 889
341 523
342 539
342 708
342 893
343 715
344 638
344 652
344 703
344 764
344 928
344 944
344 947
346 633
346 978
348 831
349 727
350 554
350 874
351 360
351 738
353 904
354 409
356 860
356 893
356 987
358 597
358 866
359 386
361 544
362 611
365 933
368 608
368 978
369 372
369 427
369 956
370 809
371 655
373 411
373 506
373 604
373 869
374 917
374 988
375 748
375 921
376 540
376 878
377 664
379 972
379 990
380 504
380 896
382 385
383 770
384 788
385 417
386 517
386 662
386 846
387 862
388 861
389 544
390 754
391 691
397 709
398 483
398 730
398 913
400 416
400 873
401 809
402 482
402 972
405 679
405 693
405 712
405 715
406 724
406 861
406 897
407 463
408 498
409 551
410 911
411 414
411 521
411 548
411 578
412 780
413 913
414 581
414 985
415 431
416 486
416 546
416 635
416 697
416 997
417 600
418 953
419 746
420 917
422 473
422 991
424 712
425 864
426 931
428 676
429 508
430 453
430 863
431 811
432 583
432 613
433 876
434 929
435 466
435 606
435 732
435 829
435 858
437 624
438 749
439 563
439 812
439 999
440 755
440 816
441 469
441 920
442 517
442 738
442 806
443 580
445 802
446 503
447 600
448 596
448 785
450 782
451 568
451 751
451 819
451 898
451 933
451 999
453 562
453 615
455 933
456 568
456 966
458 681
459 792
461 477
461 512
461 857
463 548
463 782
465 777
466 941
467 639
468 843
468 849
470 540
470 665
471 627
471 820
472 588
472 837
472 927
473 760
475 476
475 501
475 942
476 995
480 688
482 517
482 555
483 729
484 847
485 819
486 747
486 777
490 629
491 900
492 865
493 933
494 735
495 526
495 731
495 756
496 952
497 577
497 698
497 843
497 920
498 852
499 768
499 839
500 655
502 556
502 905
503 661
503 687
503 814
503 846
503 984
504 994
506 765
507 887
509 881
510 533
510 733
514 788
514 961
515 585
516 787
520 955
521 895
522 646
523 673
526 846
526 873
527 597
527 619
527 644
527 950
528 692
528 695
530 953
531 986
532 659
532 861
534 947
536 922
536 974
537 662
538 833
539 666
540 704
540 888
543 625
544 915
546 871
546 952
547 693
548 893
548 928
549 713
550 793
551 576
551 780
553 864
556 602
556 920
557 758
559 819
559 893
560 775
560 882
565 597
565 859
566 759
566 809
567 737
569 928
570 702
571 931
573 936
574 892
574 968
574 970
575 607
576 679
578 705
578 843
579 686
579 958
580 647
580 826
582 705
584 601
584 744
586 849
586 864
587 759
588 721
588 968
589 638
590 677
590 872
591 641
591 845
592 789
593 621
594 959
597 694
597 789
597 813
599 890
601 670
602 988
606 795
607 809
609 751
610 944
611 827
612 938
614 712
616 638
616 770
618 738
620 981
622 642
622 911
624 758
624 950
627 685
627 746
629 770
629 791
629 963
631 957
632 923
636 687
637 797
637 822
639 655
639 793
639 817
639 867
640 755
642 740
642 989
643 973
645 899
648 881
649 866
653 669
657 750
657 894
658 846
659 894
660 825
660 992
662 790
663 771
664 979
665 810
666 814
667 842
667 844
667 963
668 759
671 700
672 856
674 936
675 754
676 712
676 801
676 901
678 787
680 914
681 732
681 890
683 705
684 737
685 707
686 978
687 739
690 945
692 784
692 819
692 986
693 761
693 773
693 805
693 917
696 860
699 752
699 969
701 757
703 949
704 798
704 893
706 735
709 880
710 934
710 969
711 818
712 757
712 793
712 912
714 840
715 948
716 814
717 789
719 906
721 929
722 952
722 998
727 742
727 851
728 914
734 963
737 760
740 870
740 930
741 968
741 980
743 824
744 965
746 946
749 880
751 785
751 931
753 924
759 921
760 898
764 973
766 834
766 871
766 993
767 947
768 793
771 790
779 877
779 932
779 939
781 959
782 877
787 887
793 952
796 852
796 983
799 973
803 963
804 907
808 949
811 858
811 913
817 916
818 846
823 970
824 941
824 990
826 952
827 920
829 908
832 887
833 916
833 976
836 954
836 962
838 855
843 975
845 960
846 929
846 950
852 900
853 929
855 864
855 871
862 999
867 875
868 982
871 940
874 887
874 967
876 902
887 893
887 934
891 913
892 919
893 935
897 936
901 981
904 933
909 925
913 920
915 944
920 925
950 999
954 960
968 999
971 993
