1000 1095
0 319
0 471
0 942
1 157
2 413
2 802
3 250
4 236
5 406
5 762
5 798
6 345
7 8
7 787
8 145
8 271
9 295
9 317
10 108
10 451
11 534
11 595
11 789
12 203
13 383
14 882
14 918
15 75
15 286
15 586
15 936
16 917
17 143
17 322
18 273
19 495
19 666
20 834
21 739
22 225
23 116
24 532
24 665
25 512
25 644
25 689
25 950
26 236
27 480
28 109
28 126
28 254
28 425
28 571
29 50
29 233
30 374
30 782
31 197
31 393
32 884
32 894
33 415
34 651
35 145
35 619
36 98
36 507
37 328
38 775
38 800
38 862
39 673
40 130
41 167
42 387
42 606
43 680
43 785
44 682
45 175
45 469
45 642
46 735
47 63
47 933
48 396
49 512
49 519
50 155
50 426
50 542
50 616
50 624
50 999
51 502
51 962
52 212
52 481
53 70
53 950
54 582
54 808
55 775
56 938
56 996
57 446
58 879
59 73
59 399
59 451
60 402
60 791
61 525
62 918
63 79
64 482
64 593
65 550
65 593
65 878
66 135
66 999
67 98
67 228
67 344
67 959
68 645
69 840
70 920
71 307
71 415
71 532
71 536
71 942
72 286
72 288
74 496
74 587
74 898
74 903
75 293
76 449
76 461
76 973
77 561
78 164
79 891
79 980
79 981
80 798
81 801
81 937
82 214
82 494
82 582
83 736
84 230
84 425
85 388
85 583
86 228
86 798
87 390
87 676
88 175
88 430
88 667
89 276
89 328
89 616
90 398
91 435
92 441
93 851
94 245
94 514
94 868
95 324
95 939
95 982
96 846
97 632
98 994
99 288
99 410
99 414
100 131
101 641
102 432
102 874
103 956
104 664
105 270
106 377
106 392
107 192
108 521
108 813
109 157
109 287
109 524
110 278
110 475
111 425
112 428
112 625
113 620
114 140
115 893
116 399
117 881
118 548
118 936
119 306
119 721
120 810
121 316
121 363
122 836
122 954
123 271
124 797
125 958
127 665
128 512
129 985
130 218
130 336
131 154
132 401
132 895
133 259
133 609
133 847
134 568
134 870
135 191
136 660
136 774
137 357
137 631
138 188
138 420
139 208
140 646
140 915
141 170
141 467
141 810
142 416
142 531
143 700
143 704
143 969
144 479
146 633
146 747
147 259
147 463
148 575
149 682
149 761
149 980
150 996
151 392
152 348
152 702
153 268
154 420
154 516
154 845
156 322
156 838
158 730
159 204
159 666
159 677
160 336
160 492
161 273
162 247
162 888
162 909
163 364
163 654
164 249
164 733
165 858
166 340
167 245
168 224
168 288
168 372
168 636
168 991
169 214
169 232
169 449
169 886
170 262
171 325
171 970
172 738
172 936
173 387
174 425
176 360
176 679
176 777
176 859
176 932
177 468
178 193
178 712
179 561
179 743
180 488
181 270
181 782
182 477
183 436
183 797
183 843
183 895
183 906
183 948
184 457
185 383
185 542
186 688
187 795
189 539
190 386
191 217
191 331
191 392
192 245
194 758
194 837
194 898
195 965
196 282
196 340
196 710
196 952
198 418
198 583
199 323
199 447
200 508
201 313
201 772
202 581
202 906
203 340
203 357
203 399
203 439
203 697
203 999
205 284
205 381
205 510
206 364
206 862
207 238
207 697
208 606
209 320
209 536
209 890
210 230
210 938
211 241
213 298
213 450
213 515
213 896
213 915
215 647
215 977
216 412
217 478
217 978
218 574
219 463
219 981
220 710
221 627
221 872
222 230
222 925
223 256
223 931
224 248
224 744
224 813
225 228
226 306
227 702
228 284
228 307
228 399
228 957
229 430
229 799
230 483
230 512
230 706
230 725
231 338
231 627
232 239
232 382
232 614
232 634
232 798
232 857
232 886
232 999
233 767
234 317
235 427
236 452
236 652
237 991
240 918
241 800
242 404
243 400
243 453
244 378
244 460
244 490
244 501
245 311
245 808
246 832
247 785
248 738
249 303
249 712
249 910
250 491
250 584
250 747
251 453
252 646
253 275
253 913
254 960
255 618
256 886
257 311
258 742
260 356
260 544
260 673
260 687
261 452
263 517
263 560
264 869
265 520
266 679
266 967
267 712
268 398
268 915
269 305
269 339
270 410
270 764
270 953
270 999
271 504
271 526
271 712
271 733
272 623
272 957
273 618
273 626
273 703
274 771
275 786
276 841
276 968
277 421
277 727
279 637
279 744
279 865
279 972
279 994
280 561
280 573
281 500
281 546
281 633
282 727
282 992
283 641
284 926
285 873
287 650
289 301
289 554
290 646
291 890
292 480
292 621
293 399
293 748
293 945
294 449
295 342
295 934
295 965
296 816
297 791
299 364
299 661
300 555
300 913
301 435
302 686
304 725
304 963
305 538
305 617
305 847
306 695
306 849
307 457
308 352
309 364
309 877
310 503
311 630
312 658
313 517
313 638
313 679
314 859
315 698
317 714
317 928
318 503
318 585
321 664
321 705
323 553
324 419
324 654
324 733
324 870
325 504
326 884
327 778
327 800
328 918
329 510
329 558
329 852
330 727
331 465
332 459
332 532
332 822
333 397
333 869
334 718
335 501
335 675
336 471
336 522
336 954
336 987
337 706
338 392
340 354
340 488
341 380
341 394
341 612
341 697
342 437
342 722
342 907
343 849
344 492
345 424
345 580
345 615
345 858
345 919
346 761
347 352
348 712
348 792
348 869
349 710
350 440
351 606
352 591
353 420
353 463
353 476
355 632
356 385
356 658
357 784
358 923
358 941
358 969
359 416
359 998
360 860
361 452
362 566
362 873
363 559
363 760
363 956
364 846
365 552
365 913
366 413
367 812
368 681
369 746
370 380
371 412
372 477
373 816
375 396
376 456
376 668
377 539
379 995
381 954
382 392
382 659
384 458
384 544
386 711
386 746
386 823
387 512
389 871
391 659
392 746
392 951
393 541
393 578
394 572
395 645
396 501
397 644
398 466
398 575
399 467
399 591
399 907
399 980
399 991
400 516
400 843
403 493
404 612
405 454
407 726
407 828
408 516
409 584
411 795
411 860
412 501
414 579
414 607
414 989
415 458
415 679
416 512
417 869
422 513
423 862
423 902
425 630
425 732
426 524
427 741
427 958
428 489
428 912
429 463
430 985
431 543
431 599
431 785
433 811
434 445
434 678
434 716
434 976
435 768
437 487
437 607
437 670
438 855
439 713
440 600
440 668
440 673
440 769
441 844
441 885
442 786
443 598
444 785
445 814
446 522
446 863
446 897
446 999
448 826
451 690
452 498
452 870
454 492
455 727
457 692
459 631
461 879
462 662
462 672
462 957
462 968
463 783
464 946
464 987
465 642
465 961
466 838
468 806
468 817
468 969
470 607
470 777
470 791
472 724
473 634
474 999
475 747
476 767
479 629
479 759
479 913
480 621
480 647
480 812
480 947
481 569
481 957
483 537
483 794
484 538
484 699
485 782
486 988
487 717
488 736
488 839
489 626
489 974
492 908
492 979
493 785
493 824
495 578
495 583
495 660
497 562
498 507
498 779
499 924
499 981
500 887
501 570
503 622
503 683
503 772
503 870
503 939
504 760
504 796
504 874
505 703
505 899
506 739
506 870
507 556
508 608
509 907
510 838
510 980
511 533
511 916
512 593
512 766
512 860
512 873
512 999
513 703
513 747
514 776
514 971
516 821
516 907
517 787
518 807
520 648
520 735
521 710
521 842
522 656
523 769
524 608
524 995
525 734
525 760
525 932
527 888
528 670
529 665
529 718
530 532
530 966
532 940
533 701
533 745
533 836
534 563
535 861
538 705
539 639
539 791
539 949
540 673
540 962
541 641
541 867
543 993
544 590
545 885
547 668
549 956
550 861
551 813
553 760
554 571
554 743
554 830
557 562
557 772
558 693
559 697
560 849
561 576
561 886
562 646
562 803
564 657
565 764
567 731
570 814
570 908
571 864
573 753
577 686
578 673
578 698
578 703
579 728
586 752
588 628
589 947
591 996
592 960
593 914
593 975
593 987
594 624
595 664
595 802
595 907
596 825
596 893
597 868
598 751
598 985
601 783
602 764
602 861
603 747
604 981
605 701
606 985
610 648
610 691
611 797
612 876
612 944
612 969
613 629
615 927
616 834
616 870
616 880
618 718
619 747
620 646
620 988
621 742
621 860
622 684
627 793
628 979
629 669
629 726
629 766
630 889
630 986
632 917
633 756
633 833
633 870
634 649
634 990
635 691
635 991
637 788
637 930
640 720
641 763
641 807
643 902
645 744
646 766
646 875
646 908
647 949
648 788
651 731
651 991
652 724
652 748
653 879
655 687
656 951
657 811
662 769
662 933
663 679
664 741
664 848
668 696
668 849
668 851
668 970
671 719
671 728
673 999
674 755
674 954
675 846
675 930
676 819
676 905
676 921
676 999
679 886
679 969
681 753
681 791
682 983
684 702
685 811
686 813
688 992
689 993
694 815
697 791
697 936
698 968
699 727
699 750
701 964
703 717
707 860
708 996
709 821
712 798
712 846
715 891
719 825
720 744
722 809
723 780
727 900
729 766
730 857
731 813
735 804
735 874
736 771
737 742
740 745
743 920
745 766
746 826
747 984
748 879
748 962
749 756
753 816
753 901
754 934
754 997
757 987
765 992
766 767
766 829
766 885
766 912
769 785
770 775
773 932
774 831
776 967
778 790
780 802
780 855
781 909
782 916
785 893
786 948
787 881
787 957
788 997
789 873
790 883
798 818
798 937
805 841
807 883
811 830
811 969
815 881
819 955
820 836
824 917
827 891
831 915
832 860
835 849
839 866
840 881
844 922
847 907
850 988
851 971
852 904
853 859
854 886
856 958
856 965
858 990
862 868
862 886
862 975
864 962
871 990
884 968
886 935
892 996
893 903
894 911
912 943
915 974
922 942
929 968
961 979
