1000 1095
0 552
0 573
1 80
1 330
1 575
1 668
1 797
1 930
2 120
2 338
3 373
3 971
4 299
5 621
5 758
6 51
6 65
6 118
6 441
6 813
7 483
8 996
9 186
9 433
9 544
9 783
10 111
11 13
11 848
12 202
12 689
13 71
13 127
13 712
13 892
14 762
15 18
15 213
16 249
16 859
17 464
17 706
17 833
18 721
19 183
19 268
19 403
20 180
20 797
20 978
21 562
22 454
22 764
23 381
24 460
25 476
26 465
26 760
26 768
26 987
27 916
27 938
28 93
29 503
30 866
31 256
31 682
31 934
32 401
32 598
33 805
34 193
34 457
35 613
36 730
36 757
37 363
38 133
38 600
39 63
39 235
39 426
39 428
40 343
41 339
42 505
42 907
43 170
43 441
43 486
43 604
43 606
44 481
44 547
44 903
45 646
46 461
47 189
47 453
47 961
48 429
48 955
49 743
50 195
50 386
50 510
50 616
50 868
50 871
50 897
50 967
50 975
51 519
51 826
52 462
53 385
53 449
53 589
54 601
54 867
55 555
56 147
57 75
57 113
57 186
57 368
57 714
58 666
59 317
60 292
60 831
61 742
62 122
62 402
62 565
64 296
64 336
64 755
65 380
65 574
65 616
65 635
65 825
66 163
66 417
67 602
67 617
67 696
68 245
68 530
69 475
69 799
70 831
70 859
71 529
72 371
72 441
72 573
72 835
73 925
74 305
74 500
75 593
76 492
77 547
78 160
78 228
79 793
79 857
79 947
80 97
80 294
80 590
80 648
80 999
81 256
82 536
82 596
82 887
83 815
84 364
84 713
85 535
86 185
86 380
86 415
86 457
87 895
88 394
89 233
90 577
90 992
91 128
91 651
92 101
92 343
92 465
92 607
93 182
93 780
93 898
94 435
95 736
96 113
96 375
96 660
96 784
97 229
98 147
98 355
98 760
99 973
100 600
101 326
101 735
101 956
102 828
102 991
103 668
104 259
104 353
104 599
104 797
105 273
105 402
105 820
106 537
107 484
107 494
107 559
108 130
108 942
108 979
109 120
110 488
110 612
111 149
111 478
112 224
114 164
114 419
114 589
115 463
115 920
116 434
116 868
117 490
118 142
119 336
119 399
119 552
119 643
120 403
120 662
121 206
121 587
122 705
123 389
123 398
123 906
124 146
124 916
124 959
125 504
126 481
126 653
126 753
128 195
128 407
129 503
129 726
130 448
131 357
131 807
131 863
132 265
132 784
133 238
133 684
133 685
133 814
133 842
134 481
134 754
135 947
136 375
136 445
137 653
138 764
139 753
140 210
140 255
141 512
142 672
143 588
143 744
144 227
144 930
145 327
145 345
145 475
145 568
146 160
146 724
147 346
148 648
150 170
150 227
150 513
151 363
152 797
153 881
154 351
154 722
155 317
156 800
156 976
157 988
158 365
159 620
159 713
161 318
161 551
162 401
162 554
163 260
165 189
165 776
166 212
167 594
167 746
168 684
169 935
170 490
171 288
171 597
171 700
171 929
172 197
173 783
173 981
174 262
175 195
175 282
175 367
176 496
176 929
177 916
178 413
179 452
181 464
181 542
181 904
182 479
182 561
184 505
185 206
185 707
185 752
186 225
186 871
187 192
187 216
187 511
187 585
188 757
190 211
190 239
190 305
191 693
191 874
194 815
195 702
195 759
195 839
195 953
196 913
197 302
197 323
197 438
197 888
198 635
199 838
199 909
200 252
201 749
202 303
203 350
203 555
203 682
203 843
204 571
204 572
204 630
205 576
207 300
207 314
207 321
207 341
207 449
208 276
209 686
209 895
209 901
211 436
211 972
212 253
214 461
214 940
214 971
215 568
215 832
216 776
217 761
217 870
217 907
218 678
219 921
220 410
221 626
222 281
222 835
223 946
224 639
224 941
226 730
227 429
228 654
228 840
228 901
229 741
229 782
230 396
230 435
230 622
230 666
230 769
231 278
231 595
232 873
233 264
233 656
234 400
234 452
234 891
235 277
236 283
236 290
236 831
237 275
237 523
237 636
238 286
238 372
238 382
238 443
238 888
239 452
239 488
239 535
240 379
241 888
242 381
242 382
242 683
243 503
243 929
244 393
244 812
245 548
246 742
247 474
247 779
247 817
247 913
248 975
249 829
250 887
251 533
251 552
251 714
252 347
252 823
253 854
254 623
255 337
255 804
255 805
256 276
256 377
256 449
256 744
256 888
256 917
257 987
258 503
260 348
260 642
260 789
261 509
261 879
261 895
262 680
262 880
263 470
263 514
263 639
264 678
264 755
265 581
265 599
266 462
266 635
267 718
267 849
269 429
270 441
270 860
271 565
272 677
273 558
274 803
275 496
276 968
278 460
278 590
278 605
279 962
280 477
280 673
280 677
280 973
282 335
284 667
284 680
285 993
286 406
286 410
286 517
286 532
287 634
288 315
288 500
288 693
288 792
289 413
289 796
289 847
291 462
291 797
291 864
293 644
293 714
294 531
294 629
294 771
295 423
296 679
297 553
298 665
299 384
299 833
299 980
301 564
301 777
302 748
302 941
303 616
304 357
305 637
306 672
306 765
307 705
308 528
308 878
308 962
309 677
309 720
309 911
310 571
310 618
310 746
311 650
312 548
313 883
313 971
314 886
315 597
316 624
316 823
317 335
317 405
317 412
317 721
317 978
318 320
318 373
318 699
318 800
318 991
319 725
319 930
321 574
322 540
323 354
324 657
324 855
325 684
326 349
326 955
326 993
327 993
328 960
328 995
329 678
330 738
330 756
331 407
331 427
331 775
332 813
333 801
334 478
334 549
335 694
335 985
336 451
337 611
339 929
340 363
340 409
341 410
341 703
341 909
342 770
342 908
344 665
344 839
346 991
347 487
349 773
351 904
352 503
352 816
355 522
356 955
357 500
358 987
359 390
359 951
360 930
361 572
361 753
362 392
362 538
363 388
363 565
363 779
363 831
363 884
364 373
364 686
365 423
366 580
366 650
366 868
369 423
370 718
372 928
374 780
374 800
374 980
375 754
376 734
376 752
377 435
378 888
379 582
379 701
379 743
380 760
382 946
383 475
383 721
383 933
384 759
387 831
388 489
388 828
390 527
391 556
391 613
393 770
393 907
393 957
394 407
395 797
395 812
395 936
397 892
398 441
398 876
398 947
399 750
399 778
399 930
400 821
401 467
401 902
402 715
403 629
404 648
407 887
408 512
408 639
409 545
409 805
410 538
410 574
411 946
412 696
413 808
414 553
414 812
416 541
416 582
416 746
416 779
416 845
417 700
418 570
418 661
420 458
420 774
420 895
421 548
421 849
422 851
423 426
423 873
423 923
424 447
424 481
425 537
425 743
426 967
427 580
427 619
429 499
429 970
430 441
430 557
430 926
431 811
432 552
432 837
434 554
435 503
437 477
439 734
439 932
440 528
440 724
441 459
441 601
441 721
442 662
442 781
443 989
444 475
446 847
449 507
450 538
450 729
451 980
452 718
452 824
454 623
454 871
454 885
455 944
456 508
456 581
456 646
457 676
457 722
461 664
461 924
463 779
463 815
464 534
464 966
466 561
467 764
467 870
468 922
469 789
469 900
470 756
471 543
471 942
472 706
473 603
473 961
474 550
474 633
474 762
476 874
477 853
477 882
477 952
478 939
480 615
481 751
481 825
482 524
482 681
482 854
482 969
483 831
484 747
485 913
490 504
490 954
491 713
491 798
492 640
492 693
493 663
493 694
494 819
495 856
496 785
497 585
497 922
498 623
500 994
501 509
502 606
503 626
503 680
503 739
506 634
506 963
507 964
509 615
509 890
513 516
513 883
514 882
515 955
518 663
519 706
520 803
521 572
521 604
523 704
523 780
523 806
525 655
525 895
526 891
528 650
528 983
529 616
529 650
529 728
529 872
529 894
531 584
534 896
534 980
539 844
540 722
540 986
542 658
542 834
543 567
544 729
545 684
546 572
548 983
549 802
549 910
550 698
552 794
554 941
556 658
557 788
559 716
560 864
562 690
563 700
564 601
564 638
565 634
566 751
568 823
569 944
572 888
575 581
576 895
577 975
578 654
579 799
582 997
583 590
585 862
586 718
589 951
590 677
591 974
591 979
592 898
595 621
597 984
599 802
600 654
600 851
601 653
601 965
602 823
604 829
607 654
607 836
608 616
609 859
609 900
610 853
610 954
614 997
615 822
616 642
616 690
616 693
616 999
618 900
619 856
620 996
621 999
625 882
627 930
628 632
628 856
629 915
630 932
631 639
631 909
633 767
634 962
635 674
638 858
639 961
641 885
641 954
644 865
645 706
647 934
648 786
649 961
650 990
651 914
651 942
652 839
654 960
658 948
659 833
661 809
663 782
669 943
670 895
671 710
671 813
672 749
672 852
672 937
672 980
674 717
674 919
675 798
677 856
677 907
678 825
679 991
680 716
682 927
685 846
687 916
688 870
689 782
689 821
690 697
690 755
691 799
692 949
693 888
695 706
697 838
699 897
708 763
708 918
708 999
709 749
711 895
714 943
718 825
719 814
722 823
722 896
723 876
724 909
727 810
728 958
730 779
730 791
730 825
730 851
730 944
731 794
732 998
733 771
733 830
733 889
736 942
737 885
737 942
740 932
742 823
742 908
743 873
745 908
752 804
752 959
753 977
754 899
756 775
756 869
756 998
758 942
760 823
765 905
765 982
766 980
771 916
772 825
776 930
776 931
776 935
779 862
780 825
780 957
782 971
782 999
785 981
787 877
787 907
790 932
795 931
797 961
801 965
803 824
804 810
808 859
809 951
811 887
818 843
823 837
825 994
827 917
828 850
841 918
844 895
847 967
848 916
852 921
854 917
855 932
856 881
856 949
859 988
861 879
866 980
875 993
888 945
888 956
893 975
895 961
908 945
912 959
916 961
917 950
917 979
925 998
932 961
936 939
