1000 1095
0 67
0 367
0 830
1 714
2 605
2 615
2 886
2 977
3 350
3 668
4 628
5 935
6 339
7 164
7 293
8 190
8 254
9 373
9 808
9 979
10 445
10 830
10 929
10 936
11 666
12 770
13 792
14 151
14 246
14 427
14 539
15 312
15 821
16 655
16 782
17 330
17 625
17 938
18 67
18 690
19 600
20 242
20 314
20 624
20 927
21 84
21 213
22 80
22 150
22 372
22 592
22 832
23 208
23 316
23 561
23 746
23 902
24 523
24 749
25 911
26 447
26 883
27 495
28 233
28 482
28 620
29 39
29 213
29 904
29 945
30 282
30 376
30 950
31 104
31 373
32 630
33 181
33 763
34 253
34 449
34 503
34 538
34 917
35 356
35 390
35 526
36 193
36 809
36 816
36 867
37 41
37 228
37 464
37 851
38 442
38 929
38 982
39 729
40 194
40 585
40 732
41 152
41 249
42 46
43 719
43 777
43 913
44 855
44 913
44 984
45 79
46 341
46 359
46 806
46 834
46 940
47 543
48 548
48 603
48 644
49 616
50 225
50 545
51 226
51 391
51 455
52 840
52 997
53 342
53 744
53 828
54 460
54 996
55 688
55 708
56 427
57 100
58 577
59 502
60 602
60 759
60 892
61 872
62 365
62 450
62 898
63 403
64 268
65 655
65 674
65 683
66 126
66 185
66 578
68 648
69 268
69 941
70 490
70 932
71 586
72 85
73 382
73 600
74 309
74 351
74 470
74 835
75 801
76 279
76 359
76 986
77 920
78 165
78 371
78 577
78 639
78 740
79 345
79 503
79 590
79 650
80 485
80 613
81 240
81 811
82 211
82 492
82 504
83 89
83 715
83 795
85 496
85 548
85 630
85 944
86 471
87 761
88 646
88 806
90 232
90 359
91 857
92 154
92 190
92 238
92 239
92 691
93 575
94 415
94 684
94 964
95 186
95 434
95 666
95 766
95 934
96 705
97 128
97 210
97 456
98 373
99 712
100 132
100 301
100 626
100 708
100 893
100 999
101 285
101 312
101 693
101 938
102 545
103 213
103 268
103 353
103 772
104 139
104 318
105 291
106 186
106 697
107 280
107 611
107 832
108 432
108 637
109 234
110 270
110 318
110 390
110 596
110 779
111 306
112 294
113 438
113 476
113 692
114 406
114 479
115 146
115 798
116 767
116 817
117 826
118 344
119 816
120 511
121 528
121 699
121 775
121 914
122 645
122 747
122 791
123 323
123 904
123 989
124 812
124 959
125 599
125 894
127 690
129 540
130 431
131 202
131 805
133 199
133 551
134 289
134 726
135 342
135 573
136 262
136 325
136 757
137 149
137 943
138 383
138 966
140 350
140 953
141 840
142 921
143 160
143 999
144 256
144 789
145 380
145 485
145 929
146 466
146 486
146 707
146 741
146 856
146 952
147 834
148 447
148 640
152 271
153 643
153 847
155 741
155 929
156 322
156 360
156 565
157 239
158 748
159 868
160 340
161 930
162 476
162 868
163 409
163 477
164 635
164 799
166 388
166 440
167 724
167 947
168 583
168 778
168 787
168 815
168 964
169 320
170 752
171 247
171 623
172 762
173 696
173 864
173 953
174 227
174 333
174 575
174 718
174 823
175 305
175 598
175 685
176 783
177 929
178 241
178 408
178 774
178 885
179 897
180 328
181 348
181 468
181 588
181 992
182 335
182 538
183 387
183 456
183 745
184 337
185 913
185 919
185 990
186 761
186 857
187 543
187 871
188 324
188 564
189 769
189 805
191 450
191 608
191 827
192 251
194 801
194 807
194 835
194 974
195 317
196 529
196 881
197 586
198 226
199 832
200 855
201 351
202 559
202 854
203 570
203 970
204 246
204 424
204 632
205 310
206 313
206 917
207 750
207 769
208 383
208 668
209 313
209 868
210 638
211 221
211 578
212 753
212 962
213 279
213 931
214 409
214 484
215 668
216 328
216 403
216 496
216 784
216 991
217 470
217 582
218 365
218 731
219 238
220 319
220 630
221 544
221 930
221 986
222 448
223 236
223 632
224 392
224 528
224 780
224 870
225 854
226 645
229 870
230 434
230 802
231 826
232 312
233 409
233 501
234 403
235 373
235 432
235 890
236 454
236 546
237 304
237 567
237 782
237 939
238 378
238 533
238 664
239 776
239 892
239 972
240 802
242 432
243 345
243 597
243 613
244 300
244 412
244 943
245 702
245 748
245 769
245 940
246 250
246 610
246 945
246 983
247 431
247 480
248 409
248 750
251 884
252 383
253 480
254 461
254 547
255 305
255 492
256 640
257 908
258 424
258 612
259 505
260 279
260 329
260 368
261 603
262 871
263 822
264 486
264 977
265 871
265 930
266 450
267 479
268 742
268 822
268 984
269 489
269 986
271 930
271 942
272 566
272 917
273 375
273 428
274 742
275 360
276 848
276 884
276 943
277 835
278 427
279 540
279 606
281 290
281 631
281 951
282 373
282 957
283 816
284 694
284 743
284 846
284 859
284 887
285 609
285 825
285 896
286 807
287 360
288 546
289 987
290 703
291 392
292 765
292 872
292 908
294 355
294 462
294 488
294 918
295 333
295 500
295 549
295 934
295 999
296 405
296 969
297 379
298 894
299 665
301 681
301 734
302 447
302 634
303 431
303 872
303 881
304 850
305 538
306 671
307 349
307 434
308 432
310 867
311 359
312 324
312 976
313 361
315 436
315 894
316 566
317 352
317 691
318 495
320 389
320 725
321 355
321 486
324 327
325 334
325 920
326 920
328 735
330 467
330 514
330 547
330 682
331 399
332 390
332 444
332 906
333 396
333 519
333 658
334 337
336 901
337 571
338 412
338 427
338 467
338 695
339 448
339 538
339 557
339 591
339 690
339 712
339 892
341 915
342 405
343 397
343 569
343 675
344 792
344 847
345 398
346 710
347 563
347 633
347 995
351 551
354 594
355 467
355 998
357 453
358 406
358 834
358 880
359 499
359 760
359 894
360 456
360 589
360 862
362 757
363 446
363 804
364 415
364 552
366 426
366 434
366 496
366 511
366 513
366 835
366 930
367 585
369 464
370 819
371 592
371 614
371 627
371 845
372 416
373 741
373 786
373 819
373 870
373 999
374 841
376 389
376 606
377 778
377 946
378 459
379 897
379 935
379 967
381 430
381 569
381 888
382 383
383 428
383 668
383 939
384 737
385 446
385 482
386 792
388 877
390 493
390 510
390 758
390 824
390 876
390 916
391 601
392 677
392 752
393 741
394 956
395 732
396 418
396 947
398 410
399 538
399 628
400 616
400 941
401 408
401 869
402 470
402 907
403 481
404 944
405 720
405 806
406 743
406 973
407 965
408 576
408 662
408 708
408 755
408 770
409 622
409 632
409 920
411 422
411 517
412 701
413 672
414 835
415 534
417 953
419 514
420 592
421 802
423 635
423 986
424 509
425 705
425 901
426 764
426 837
426 841
427 614
428 432
428 917
429 868
431 447
431 592
431 687
432 463
432 474
432 592
432 911
432 923
433 846
434 717
434 949
435 486
435 643
435 654
436 555
436 989
437 741
438 618
439 879
441 548
441 838
443 496
446 477
448 554
448 659
448 951
451 513
452 775
453 840
455 797
456 510
456 753
456 999
457 491
457 874
458 947
460 696
460 798
462 730
462 968
465 876
466 960
467 552
467 790
467 912
467 955
469 816
471 917
471 983
472 710
472 738
472 860
472 895
473 654
473 756
475 568
476 537
477 686
477 929
478 661
478 669
478 680
479 710
483 936
485 486
487 624
490 518
490 560
490 572
491 975
492 562
492 861
493 594
493 753
493 891
493 960
494 903
495 937
496 723
496 792
496 892
496 898
496 990
497 660
498 707
498 962
500 976
501 638
502 588
502 731
505 682
506 778
506 895
507 869
508 990
510 783
511 932
512 538
513 520
513 727
515 736
515 938
516 568
516 655
516 803
517 802
521 636
521 738
521 741
521 778
522 673
522 843
522 917
523 627
523 759
524 899
525 792
527 634
529 911
530 566
530 840
530 842
531 959
532 647
532 768
532 792
532 878
532 892
532 959
535 635
536 648
536 805
540 739
541 805
542 936
543 724
545 932
550 605
550 678
550 820
550 981
551 771
553 970
554 913
556 824
557 773
558 679
558 853
569 668
573 593
573 766
574 643
579 667
579 802
579 854
580 620
581 682
581 993
584 982
585 892
586 632
587 917
588 606
588 886
594 797
594 826
595 911
601 691
602 616
604 872
606 999
607 875
607 920
609 672
612 719
617 685
619 620
619 704
620 727
621 941
625 721
629 783
630 752
630 903
633 680
633 802
633 911
638 814
638 892
640 706
640 710
640 986
641 758
642 784
643 733
644 829
645 929
647 846
649 913
651 942
652 713
653 666
653 676
653 817
655 806
655 865
656 708
657 934
658 762
658 852
660 751
660 868
661 813
663 816
665 683
665 833
668 671
668 711
669 909
670 684
677 816
678 832
678 873
680 938
684 844
684 850
688 963
689 783
691 754
691 980
691 985
696 840
697 738
697 946
698 823
700 775
701 793
702 774
702 982
705 741
708 953
709 762
712 970
713 935
714 862
716 842
721 956
722 728
722 971
726 953
728 867
729 846
737 968
738 868
738 983
741 790
743 827
747 848
757 810
758 858
759 794
773 956
776 836
776 972
778 875
779 948
781 854
785 788
785 910
785 932
790 994
794 923
795 824
796 972
800 893
805 868
807 839
814 859
816 986
818 913
821 849
831 850
831 958
832 877
835 872
835 962
836 855
840 882
848 954
853 999
863 948
866 931
867 978
875 988
879 896
879 982
880 955
882 901
884 961
889 999
892 920
892 922
896 965
899 948
900 944
905 915
908 924
911 990
917 921
925 951
926 986
927 990
928 934
933 978
939 990
943 970
944 975
947 998
955 976
967 969
967 991
990 999
