1000 1095
0 536
0 910
1 479
2 15
2 119
2 512
2 932
3 8
3 188
3 616
4 92
4 396
4 980
5 174
5 597
5 939
6 796
7 311
8 159
8 473
8 711
8 875
9 424
9 982
10 127
10 293
11 271
11 411
11 681
11 986
12 96
13 625
14 370
14 430
16 384
16 742
17 523
18 479
19 302
20 33
20 80
20 100
20 492
20 550
20 603
20 662
20 869
21 688
22 524
22 907
23 456
24 952
25 370
26 468
27 985
28 99
28 192
29 298
30 218
30 453
31 472
31 532
32 109
33 297
34 395
34 696
35 515
35 535
35 803
36 193
36 993
37 197
37 313
37 326
37 385
37 462
38 153
39 281
39 590
40 492
40 549
40 636
40 724
40 753
41 421
41 779
42 370
42 510
43 717
44 65
44 217
44 222
44 646
44 732
44 816
45 883
46 140
47 502
48 654
49 520
50 752
50 813
51 81
51 423
52 208
53 519
53 936
54 138
54 307
54 700
54 707
54 714
54 948
55 408
56 633
56 638
57 360
58 455
58 692
59 995
60 812
61 364
61 548
62 117
62 840
62 888
63 161
63 483
64 434
65 148
65 163
66 669
67 490
67 814
68 380
68 730
69 632
70 231
71 587
71 899
72 252
72 793
73 708
73 759
74 601
75 131
75 162
75 177
75 342
75 521
75 941
76 255
76 753
76 891
77 132
78 734
78 906
79 226
79 845
80 351
81 993
82 654
83 114
83 757
84 147
84 225
85 138
86 155
86 335
86 935
87 420
87 773
87 899
88 304
89 169
89 186
89 667
90 947
91 942
93 487
93 730
94 122
94 373
95 224
95 226
95 703
96 223
96 242
97 190
97 291
97 730
97 767
97 843
98 269
98 292
99 247
99 653
100 133
100 171
100 225
100 260
100 360
100 563
100 943
101 517
101 552
102 188
103 193
103 664
104 448
104 731
105 323
106 423
107 542
108 259
108 343
109 527
109 933
110 241
110 357
110 725
111 144
111 195
111 837
111 938
111 979
112 329
112 575
113 894
113 942
114 692
114 848
115 439
116 270
116 426
116 446
116 574
116 575
116 576
116 694
116 729
116 832
116 951
118 219
118 818
119 263
119 713
120 995
121 737
123 886
124 179
125 894
126 244
126 746
128 816
129 369
129 380
129 476
130 309
130 492
131 234
131 393
132 239
134 336
135 709
136 335
136 432
136 456
136 552
137 159
137 285
139 960
140 512
140 937
141 512
141 624
141 774
142 246
142 359
143 623
144 249
144 466
144 600
144 681
144 999
145 226
145 355
146 924
147 296
149 409
150 594
150 973
151 465
151 634
152 790
153 417
154 916
156 327
156 366
156 413
156 798
156 823
156 859
156 973
156 999
157 420
157 459
158 971
159 384
159 712
159 982
160 249
161 804
161 946
163 701
163 889
164 359
164 500
165 571
165 885
166 663
166 816
167 623
168 527
169 657
170 866
171 201
171 215
172 458
172 622
172 662
173 935
174 376
175 417
176 720
176 768
176 942
177 543
178 474
178 515
179 433
179 738
180 885
181 689
182 856
183 894
184 631
185 294
186 662
187 218
187 704
187 755
187 779
187 804
189 460
189 555
190 206
190 280
191 799
192 391
193 325
193 643
193 738
193 900
193 996
194 581
196 383
196 624
196 993
198 304
199 335
200 412
200 645
200 816
200 857
202 620
203 220
203 437
203 495
203 603
203 634
204 277
204 848
205 413
206 454
206 585
206 985
207 404
208 367
208 405
208 545
208 912
209 523
209 950
210 502
211 349
211 488
211 971
212 984
213 305
213 662
214 860
216 330
216 378
216 846
218 445
218 591
219 822
221 359
221 554
222 795
224 235
224 729
225 299
225 862
226 334
226 349
226 430
226 764
226 948
227 753
228 257
228 406
228 682
228 703
229 578
230 336
230 953
231 970
232 481
232 743
233 843
235 581
236 560
237 289
237 333
237 362
237 369
238 447
238 551
239 262
239 403
239 829
240 426
240 764
241 328
241 779
241 973
242 448
242 668
243 368
243 770
244 283
244 702
245 516
245 609
245 642
245 901
245 957
248 523
250 429
251 542
253 600
254 471
255 286
256 731
257 440
258 496
258 974
258 978
259 322
260 890
261 898
262 541
264 324
264 682
264 848
264 863
265 372
266 822
267 505
268 345
268 642
269 535
269 827
270 312
270 471
272 589
272 892
273 821
274 330
274 547
275 898
276 439
276 719
277 537
278 290
279 556
279 967
279 994
280 595
281 611
281 617
282 722
282 977
283 365
284 747
287 373
287 600
287 785
287 800
287 801
287 802
288 734
290 467
290 558
290 598
291 425
291 511
293 305
293 839
294 961
295 983
296 696
297 444
298 523
298 676
298 818
299 815
300 779
300 910
300 990
301 441
302 399
303 471
303 708
304 379
304 527
304 858
305 336
305 580
305 703
305 833
306 753
307 674
308 838
310 406
310 506
311 516
313 963
314 594
314 799
315 785
316 731
317 610
317 915
318 639
319 373
320 554
320 924
321 371
321 441
321 623
322 712
323 505
324 338
324 482
324 684
325 420
326 842
327 461
327 831
327 991
328 479
329 554
329 756
330 559
330 724
330 747
331 896
332 384
332 606
333 563
333 766
335 364
335 386
335 658
335 719
335 783
336 340
336 370
336 541
336 613
336 772
336 789
336 872
336 966
337 832
337 876
338 808
339 707
340 718
341 385
342 966
343 771
343 860
344 562
344 938
346 370
347 564
347 618
348 667
349 769
349 939
350 775
351 463
351 847
352 936
353 482
353 994
354 460
354 872
355 876
355 898
356 844
357 464
358 880
359 639
359 813
360 884
361 842
362 486
362 930
363 572
363 909
366 471
369 817
371 467
371 969
372 526
372 943
373 887
374 624
374 639
374 976
375 597
375 730
376 935
377 474
377 967
377 983
379 492
379 505
380 429
380 431
380 648
381 630
381 977
382 499
383 844
384 582
384 780
386 655
386 750
387 787
387 866
387 897
388 419
388 751
389 935
390 407
390 514
390 520
390 566
390 579
390 625
390 919
391 468
391 650
392 716
394 992
395 864
395 869
397 542
397 637
398 608
399 534
399 592
400 419
401 872
402 573
404 533
404 612
404 776
405 546
405 921
406 999
407 412
407 944
408 458
409 769
410 421
411 497
411 517
412 775
412 790
413 536
413 612
413 822
414 599
414 675
415 653
415 717
415 968
416 605
417 996
418 816
419 454
420 455
420 681
420 690
420 788
421 578
421 743
422 711
424 748
424 793
426 894
426 905
426 918
427 815
427 984
428 541
431 436
431 589
431 957
432 642
434 479
435 597
435 638
436 825
436 835
438 700
438 850
439 583
439 988
441 682
442 921
443 498
445 881
445 912
447 666
447 669
448 531
448 592
449 564
450 859
451 599
451 987
452 872
453 481
453 600
453 882
455 538
455 683
455 760
456 652
457 706
457 809
461 928
462 524
463 479
464 830
467 491
469 600
469 624
470 948
471 542
471 902
472 496
472 578
473 507
473 512
473 601
473 745
473 803
473 960
475 732
475 806
476 726
477 677
478 702
479 518
479 589
480 651
480 737
482 593
482 653
482 694
482 696
483 658
484 589
484 741
484 816
484 830
485 905
486 699
489 958
491 700
492 878
493 816
494 727
494 893
494 985
498 815
499 595
499 910
499 981
501 562
501 627
502 704
502 868
502 956
503 626
503 642
504 750
505 609
505 992
508 683
509 761
509 788
512 668
512 809
513 769
517 599
519 763
519 869
519 976
520 912
521 728
522 650
523 603
525 555
526 854
526 948
527 716
528 787
529 603
529 871
529 926
530 553
530 779
530 959
533 690
535 841
537 814
539 682
540 597
541 597
541 922
543 954
544 590
544 701
550 855
551 617
551 731
551 821
554 670
554 680
555 896
556 573
556 828
557 824
559 879
560 617
560 681
560 770
560 912
560 917
560 985
561 600
564 637
565 631
565 811
565 994
566 778
567 965
568 786
569 811
570 878
571 957
574 594
574 865
577 833
578 794
578 842
578 875
579 958
581 790
584 748
586 589
586 997
587 884
588 802
589 719
589 774
589 777
595 685
596 741
597 751
597 988
597 995
599 793
599 927
599 975
600 685
600 956
602 833
603 723
603 762
603 980
603 999
604 620
605 870
605 980
607 824
608 904
608 965
609 791
609 962
610 644
610 830
612 666
612 921
614 688
615 842
618 631
618 641
618 774
618 842
618 948
619 721
620 694
620 794
620 826
621 818
624 639
624 649
624 811
624 896
628 995
629 768
630 787
631 656
631 733
632 673
632 696
633 867
633 948
635 637
637 659
640 793
640 897
642 815
647 730
649 997
650 929
653 784
653 886
654 868
654 981
657 727
658 710
659 756
660 735
660 931
660 980
661 697
661 885
665 917
668 703
669 988
671 860
671 981
672 882
677 837
678 998
679 859
680 698
682 861
682 966
686 961
687 801
688 867
689 948
691 981
692 856
693 878
695 794
700 812
702 934
704 765
704 816
704 940
705 730
709 756
709 821
709 877
711 758
711 993
714 909
715 837
716 737
718 947
719 970
721 935
722 910
723 916
724 957
729 980
730 867
732 824
732 903
734 792
734 985
736 914
736 985
737 816
738 781
739 792
740 802
741 964
742 911
744 934
747 908
749 924
752 810
753 886
753 888
754 878
770 802
782 845
783 851
783 873
783 949
783 955
786 805
787 957
793 794
793 961
796 880
796 988
797 990
802 834
803 866
803 951
804 952
805 883
805 888
805 920
805 945
807 885
810 979
811 911
814 938
815 998
816 919
819 927
820 870
822 910
834 874
836 875
838 999
848 877
849 958
852 878
853 919
862 878
867 921
885 957
895 983
912 915
913 995
918 948
921 960
923 968
925 973
929 938
934 985
948 999
954 972
958 976
960 965
961 983
979 989
