1000 1095
0 305
1 529
2 356
2 760
3 111
3 357
3 804
4 121
4 494
4 752
4 886
5 156
5 183
5 386
5 832
5 951
6 948
7 718
8 505
8 665
9 130
10 27
10 466
11 598
12 314
12 385
12 600
12 935
13 437
13 942
13 964
14 253
14 428
14 625
15 954
16 103
16 213
17 21
18 717
18 722
19 102
19 228
20 832
20 835
21 279
21 881
22 945
23 899
24 215
24 503
24 733
24 947
25 725
25 939
26 604
27 265
27 378
28 235
28 433
29 34
30 626
31 308
32 368
33 265
34 292
34 362
35 72
36 252
36 574
37 241
37 643
38 92
38 219
38 597
38 752
38 783
38 905
39 302
40 158
40 190
40 375
40 536
41 43
41 140
41 394
42 101
42 146
42 246
42 358
42 365
42 663
42 911
44 949
45 590
45 653
45 913
46 53
46 393
46 444
47 321
47 413
48 155
48 254
49 865
50 423
50 809
51 896
52 339
52 900
54 866
55 232
56 434
57 817
57 834
57 860
58 497
59 169
59 230
59 316
60 280
61 162
61 516
61 847
62 146
62 455
63 930
64 252
64 274
64 914
65 672
65 913
66 345
67 96
68 730
69 586
69 752
70 211
71 201
71 518
71 552
71 664
72 311
72 821
73 321
73 475
73 513
74 607
75 599
76 101
77 465
78 558
78 770
79 719
80 244
81 345
82 172
83 179
83 803
84 508
84 970
85 809
86 997
87 436
88 585
89 210
89 915
90 208
91 304
93 684
94 126
94 381
94 541
94 971
95 750
96 767
97 193
97 289
97 697
97 959
98 118
99 972
100 496
100 984
102 372
102 827
103 129
104 223
104 921
105 847
106 949
107 844
108 114
108 381
108 599
109 718
109 868
110 268
110 575
111 233
111 622
111 931
112 844
113 211
113 216
113 380
113 896
113 974
115 377
115 519
116 987
117 314
117 841
117 868
117 878
118 262
119 142
119 417
119 866
120 308
121 206
121 350
122 188
122 615
122 626
123 302
123 707
124 889
125 433
126 347
126 645
126 825
126 840
127 586
128 705
129 529
130 375
130 428
130 614
130 758
131 314
132 512
132 610
133 162
133 354
134 159
134 479
134 834
135 136
135 237
135 375
135 492
135 915
136 180
137 247
138 794
139 611
141 949
143 170
144 386
144 796
145 232
145 392
145 416
145 715
145 924
146 356
147 289
147 701
147 976
147 999
148 935
149 173
149 314
149 879
150 876
151 227
151 316
152 306
152 396
153 676
153 931
154 211
155 796
157 320
157 927
157 961
158 171
158 400
159 917
160 239
160 894
161 301
162 342
162 646
162 948
163 221
163 430
163 881
164 417
165 548
165 861
166 831
167 552
168 234
168 244
168 853
168 959
168 992
170 537
170 574
170 577
170 770
170 945
171 249
171 520
171 837
171 838
171 843
172 427
172 911
172 958
174 458
174 713
174 729
175 579
175 932
176 356
177 269
177 869
177 975
178 328
178 507
178 806
178 912
179 587
181 372
182 378
182 449
182 679
182 870
183 203
183 316
183 357
183 394
183 461
183 672
183 911
183 999
184 718
185 259
185 940
186 768
187 556
187 780
189 312
189 361
189 425
189 534
190 633
191 208
191 412
192 815
194 279
194 900
195 771
196 202
197 315
197 343
198 490
199 596
199 928
200 503
202 514
203 601
203 687
203 706
204 529
204 934
205 296
205 946
207 694
208 384
208 392
209 285
209 341
210 360
211 353
212 913
213 806
214 275
217 378
217 436
217 440
217 517
217 944
217 999
218 493
218 564
218 668
218 669
218 836
220 682
221 464
221 695
221 846
222 320
222 423
224 382
224 506
224 786
225 465
225 774
226 632
226 655
226 735
229 998
231 285
232 363
232 486
233 783
233 984
234 871
235 420
235 999
236 948
237 244
237 279
237 442
237 800
237 814
238 322
238 751
238 908
239 780
240 955
241 329
241 444
241 661
242 559
242 575
243 299
243 358
243 891
244 954
245 898
245 912
247 778
247 949
247 997
248 277
249 255
250 953
251 279
251 632
251 684
251 830
252 624
254 546
254 848
256 414
257 705
258 901
259 539
259 730
259 751
260 648
261 674
262 390
262 556
263 962
264 372
264 693
266 915
267 689
268 544
270 956
271 285
271 346
272 626
273 546
273 668
274 300
274 731
275 391
276 342
277 279
277 342
278 649
279 360
279 363
279 607
280 325
280 396
280 852
280 883
281 592
281 719
281 978
282 375
283 384
284 889
284 931
285 523
285 649
285 732
285 913
285 967
286 565
286 697
287 493
288 660
289 587
290 712
291 541
291 853
291 964
292 356
292 480
292 930
292 939
293 465
293 738
294 350
295 680
295 766
296 327
297 675
298 515
298 674
298 863
299 754
301 356
301 438
301 554
301 810
302 573
302 814
303 635
304 381
304 728
304 849
304 910
305 666
305 733
307 398
307 559
307 852
308 403
308 857
309 806
309 890
310 578
312 727
313 617
313 655
314 872
315 864
315 953
316 481
316 665
316 858
317 601
318 613
319 596
320 694
321 747
322 582
323 380
323 991
324 853
325 622
325 644
325 652
325 704
325 727
326 516
327 657
327 953
328 439
330 999
331 567
332 724
332 999
333 493
334 438
335 469
335 805
336 473
337 464
337 604
338 562
339 370
339 405
339 546
339 903
340 569
340 996
342 465
342 627
343 651
344 837
345 464
345 485
345 708
345 893
346 555
348 925
349 770
350 468
350 558
351 623
351 991
352 733
354 470
355 758
356 373
356 380
356 436
356 460
356 525
356 995
357 366
357 371
357 611
358 658
358 914
359 395
359 942
362 950
364 423
365 387
365 641
367 703
367 821
368 960
369 449
369 851
369 899
369 923
370 450
370 464
370 519
370 573
370 828
371 540
372 575
372 880
372 979
373 921
374 857
375 464
375 937
375 977
376 855
377 940
378 675
379 849
381 454
381 737
381 911
383 403
384 793
385 462
387 688
388 631
389 399
389 807
390 425
390 935
391 768
392 785
394 725
394 782
394 850
395 521
395 585
395 843
395 867
396 970
397 502
397 585
397 888
398 738
399 407
399 442
399 754
401 407
401 951
402 647
403 504
403 906
404 539
404 550
404 579
404 784
404 986
405 707
406 785
406 996
406 998
408 536
409 619
409 834
410 459
410 660
410 678
410 690
410 741
410 988
411 418
412 443
414 911
415 450
417 527
417 529
417 689
418 424
418 454
418 708
418 788
419 965
419 985
421 886
422 613
423 499
426 745
426 886
427 567
428 875
429 838
431 646
432 441
432 500
433 712
433 963
434 744
434 836
435 999
436 957
437 469
438 801
441 794
442 549
442 834
443 456
443 503
443 512
443 602
444 450
444 585
444 975
445 899
446 574
446 709
446 762
446 820
446 907
446 999
447 594
448 460
450 476
451 618
452 865
453 657
454 542
457 717
458 642
458 831
458 984
459 617
459 748
460 712
460 767
460 785
460 841
461 733
463 607
463 887
464 999
466 482
467 681
467 698
468 680
468 864
469 508
469 792
469 841
469 901
471 759
472 950
473 562
473 964
474 556
477 491
477 947
478 860
480 816
481 808
481 857
483 767
484 697
486 773
486 968
487 928
488 674
488 988
489 913
490 562
491 635
492 537
492 989
493 772
494 637
495 897
497 961
498 878
499 584
499 810
501 933
503 626
509 539
510 815
511 930
512 581
512 782
514 818
514 997
517 718
518 630
519 822
521 613
522 605
522 865
524 768
524 877
525 655
526 664
528 596
528 819
529 550
529 562
529 682
530 616
531 704
532 944
533 802
535 780
536 902
537 791
538 939
539 834
539 885
541 675
541 680
541 702
542 620
543 712
545 954
547 556
548 678
551 839
552 752
553 954
554 964
555 560
555 981
556 690
557 838
559 796
561 747
561 783
562 704
562 988
563 808
566 659
566 825
568 785
570 929
571 848
572 776
573 779
574 786
574 983
575 841
576 685
578 618
578 705
578 926
580 740
581 841
582 583
582 732
585 775
585 962
586 749
588 823
589 788
591 915
592 987
593 879
594 670
594 820
595 606
595 675
595 717
596 756
596 830
598 849
598 892
601 761
602 911
603 842
607 791
608 616
608 690
608 768
608 848
609 731
609 841
610 856
611 908
612 935
613 953
619 717
619 787
621 779
623 671
623 752
626 905
626 917
627 794
627 802
627 841
627 980
628 631
628 914
629 741
632 818
632 858
634 948
636 904
636 911
636 972
637 966
638 773
639 775
639 942
640 951
641 714
645 813
646 760
647 826
648 696
648 857
650 674
650 969
654 678
655 829
656 704
656 750
659 766
660 873
661 955
662 688
662 726
665 746
666 694
666 961
667 678
673 901
675 839
676 741
677 840
681 836
683 804
683 872
684 771
685 699
685 772
685 880
686 897
688 952
691 851
692 719
694 935
696 823
696 918
699 753
699 765
699 964
700 731
700 857
704 806
704 911
704 913
705 794
708 759
708 876
710 913
711 865
716 882
720 930
721 923
723 776
726 747
726 752
726 780
726 842
734 897
736 880
739 980
740 816
740 943
742 803
743 991
745 766
745 936
746 831
747 811
747 884
751 852
752 754
755 977
757 988
761 881
762 763
764 878
765 943
769 952
770 776
770 865
771 941
777 923
780 882
781 923
789 945
790 797
790 818
791 800
795 841
797 870
797 938
798 834
799 966
800 846
800 956
803 858
807 851
808 855
808 973
811 824
812 989
815 865
818 965
819 920
820 919
821 825
826 883
830 844
831 857
833 948
836 842
836 990
838 922
841 860
841 887
841 925
841 929
842 923
842 977
845 951
847 940
851 862
854 921
854 942
858 930
859 949
869 925
874 907
880 916
886 933
895 948
897 911
904 995
909 952
911 987
913 953
919 994
921 954
921 988
929 949
931 982
939 955
940 960
991 993
