1000 1095
0 372
1 872
2 64
3 136
3 271
3 431
3 636
3 853
3 999
4 49
5 43
5 348
6 21
6 252
6 790
6 852
6 855
7 645
8 347
8 374
8 759
9 128
9 395
9 790
10 279
11 546
12 779
13 145
13 783
13 872
14 856
15 21
15 602
16 474
16 831
17 298
18 314
18 535
19 965
20 141
20 440
21 997
22 882
23 476
23 491
23 980
24 105
24 519
24 728
24 951
25 980
26 352
26 912
27 71
27 280
27 653
28 59
28 123
28 275
28 730
28 964
29 69
29 224
30 486
30 492
30 517
31 890
32 435
32 871
32 873
32 876
33 409
33 786
34 143
34 224
35 630
36 44
36 148
36 251
36 478
37 72
37 868
37 983
38 762
39 364
39 468
40 452
41 283
42 561
42 640
42 864
43 791
44 186
45 282
45 446
46 519
47 222
47 625
47 672
47 780
47 898
48 922
49 663
49 816
50 861
51 214
52 167
52 233
52 334
52 390
52 509
52 962
53 60
54 220
54 909
55 284
55 497
55 814
56 767
56 782
57 258
57 272
57 294
57 509
57 592
57 615
57 722
57 867
58 174
58 762
58 833
60 234
60 270
60 316
60 494
60 529
60 579
60 761
60 848
61 277
61 520
62 606
63 970
64 152
64 447
64 537
65 758
66 372
67 281
67 396
67 896
67 967
68 248
68 377
68 572
69 524
70 908
73 579
74 165
74 462
74 835
74 876
74 941
75 422
75 570
75 800
76 86
76 210
76 654
76 845
77 282
78 367
78 752
78 823
79 94
79 859
80 199
81 605
82 801
82 965
83 157
83 212
83 303
83 924
84 404
84 449
85 282
86 225
86 407
86 853
86 900
87 158
87 958
88 270
88 462
88 756
88 799
88 929
88 942
88 999
89 93
89 213
90 512
90 681
91 841
92 197
93 728
94 124
94 234
95 217
95 962
96 781
96 999
97 114
98 703
99 211
99 929
100 263
100 498
100 686
100 796
100 834
101 886
101 982
102 123
102 339
103 300
103 362
103 618
104 555
105 153
105 440
105 565
105 602
105 605
105 676
105 698
106 832
107 218
108 332
109 638
110 868
111 789
111 810
111 860
112 169
112 558
113 223
114 236
114 863
114 976
114 977
115 649
115 792
116 412
117 915
118 660
118 979
119 367
119 402
120 390
121 297
121 328
121 540
121 986
122 254
125 263
126 974
127 143
127 310
127 413
127 461
128 190
128 784
128 879
129 890
130 546
130 878
131 523
131 723
131 782
132 198
132 230
132 398
132 675
132 885
132 920
132 922
132 963
132 988
133 678
133 846
133 937
134 645
135 966
136 318
136 643
137 623
138 569
138 703
138 727
139 143
139 824
140 253
142 614
143 470
143 679
143 756
144 209
144 349
144 482
144 574
144 772
144 808
146 567
147 453
148 601
148 611
149 565
149 644
150 779
150 983
151 663
152 309
152 467
152 502
152 546
152 773
153 225
153 376
153 547
153 617
153 735
153 736
154 476
155 885
156 392
156 632
156 975
157 858
158 567
158 861
159 300
159 530
160 461
160 754
161 855
162 300
163 326
163 508
164 207
165 648
165 762
165 771
165 904
166 718
167 731
167 856
168 833
169 196
170 667
170 761
171 592
172 185
172 968
173 403
174 548
175 481
175 562
175 566
175 999
176 859
177 516
178 225
178 671
178 950
179 865
180 199
180 462
181 317
181 827
181 949
182 233
183 214
183 567
183 734
183 881
183 990
184 286
184 422
187 669
187 738
188 691
188 749
189 789
190 440
190 590
190 688
191 520
192 539
193 553
193 920
194 349
194 457
194 796
195 655
197 504
197 891
200 217
200 377
201 205
201 229
202 284
203 806
204 450
206 763
207 360
207 984
208 373
208 564
209 265
210 433
210 725
211 541
211 971
213 603
213 970
214 258
214 723
215 504
215 881
216 772
217 308
217 386
217 668
217 979
218 456
218 706
218 908
219 586
219 758
219 770
219 771
219 907
220 396
221 427
223 492
225 397
225 449
225 543
225 706
226 245
227 274
227 578
228 561
229 867
230 307
230 711
231 710
231 740
232 422
232 483
232 910
232 991
233 485
234 513
234 661
235 661
235 732
235 882
236 607
236 941
237 613
237 807
238 714
239 536
239 993
240 413
241 589
242 361
242 550
243 552
244 259
244 320
244 696
244 765
245 462
246 304
246 372
247 540
247 722
249 954
249 979
250 492
250 564
252 462
252 954
253 463
253 899
254 450
254 673
254 952
255 416
256 268
256 928
257 841
258 440
258 691
258 726
258 730
258 924
258 954
260 278
260 589
260 705
260 739
260 851
260 970
261 460
261 528
262 579
263 422
263 440
264 493
264 625
265 755
266 505
267 420
267 579
268 589
269 545
270 412
270 637
270 710
270 757
270 962
272 395
272 475
272 578
273 788
273 833
274 690
275 313
275 919
276 511
276 953
277 630
277 652
277 886
278 822
278 859
279 509
280 281
280 829
280 978
281 304
281 819
282 398
283 325
283 777
284 455
284 625
285 375
285 679
287 768
288 356
288 722
289 343
289 728
289 776
290 953
291 950
292 932
293 765
294 561
295 595
296 300
296 466
296 495
296 757
297 620
298 763
298 924
299 551
300 996
301 917
301 962
302 663
303 373
303 394
304 357
304 496
304 505
304 999
305 983
306 886
307 480
307 927
308 567
308 613
309 489
310 632
311 793
312 361
313 568
314 902
315 520
316 941
318 863
319 324
319 624
320 643
321 705
322 421
322 800
323 945
324 450
324 769
325 449
325 645
326 491
326 593
326 687
326 702
327 391
327 465
327 576
328 477
328 751
328 899
329 414
329 838
330 560
331 547
331 689
332 368
332 658
332 786
333 498
333 748
335 825
336 628
337 959
338 534
340 493
341 489
342 860
343 865
344 911
344 953
345 628
345 757
345 776
346 416
346 517
347 438
347 941
348 694
348 733
348 875
348 958
350 843
350 906
351 838
352 437
352 564
352 642
353 817
353 867
354 601
354 989
355 570
358 992
359 391
359 394
359 499
359 706
359 798
362 369
362 459
363 930
364 407
364 503
364 614
364 755
365 625
366 677
366 929
366 957
367 662
367 676
367 964
368 730
368 832
368 844
368 862
370 720
371 529
371 767
372 638
372 651
374 428
376 424
377 503
377 666
377 867
377 995
378 462
378 647
379 550
380 435
381 440
381 471
381 476
381 801
381 984
382 605
382 836
383 831
384 552
384 710
385 589
386 708
387 578
387 983
388 648
389 509
389 695
390 405
390 432
391 640
391 841
393 622
393 722
395 894
396 601
396 635
396 764
398 909
398 934
399 872
400 567
401 900
403 578
403 664
404 439
406 425
406 876
408 460
410 994
411 720
412 870
413 587
414 453
414 462
414 521
414 640
414 867
415 592
416 424
416 765
416 981
417 861
418 580
418 864
419 565
419 707
420 659
422 803
423 963
426 881
427 722
427 866
428 640
428 887
429 920
430 691
431 860
431 993
433 955
434 450
434 778
436 957
437 458
437 910
439 804
440 479
440 625
440 882
440 999
441 547
441 791
442 926
442 995
443 687
444 494
444 581
445 955
447 901
447 941
448 837
448 898
449 569
450 591
451 959
452 965
453 992
454 515
454 759
457 463
459 498
459 933
459 969
460 861
460 977
461 639
462 682
462 886
464 565
464 749
465 621
465 804
469 532
469 720
469 953
472 548
472 970
473 757
473 831
473 891
473 906
477 634
477 914
479 701
479 902
482 558
482 611
482 623
482 853
482 931
483 930
484 539
484 648
484 884
487 864
488 831
490 649
490 779
491 542
491 710
491 794
492 747
492 757
495 953
497 943
497 960
498 550
499 806
499 969
500 659
501 810
502 507
502 600
502 759
505 744
506 594
506 746
509 551
509 792
509 917
510 763
510 893
511 802
512 693
512 972
514 537
516 549
518 822
518 933
520 681
520 813
521 945
522 885
523 746
524 623
525 953
526 591
527 845
528 967
531 778
532 573
533 596
534 687
535 584
535 932
537 589
538 540
539 833
541 802
542 806
544 747
545 908
547 717
547 854
547 944
549 799
552 585
553 722
554 876
555 684
555 861
556 981
557 967
558 575
558 606
559 963
560 578
560 911
562 849
563 742
563 756
564 874
564 923
565 567
565 624
565 921
568 775
570 862
571 790
576 745
577 625
582 921
583 856
583 925
585 650
588 683
589 965
590 729
591 890
591 922
592 653
592 718
594 831
595 677
596 970
597 674
598 668
599 738
601 699
602 785
604 691
606 685
608 640
609 765
609 773
609 963
610 706
612 717
613 880
615 994
616 935
617 940
619 747
619 970
625 968
626 649
626 987
627 640
629 872
631 833
633 951
637 715
640 663
640 985
641 728
641 758
642 659
644 903
644 913
646 844
649 719
649 882
655 732
655 998
656 973
657 846
658 749
665 959
668 680
668 979
670 800
674 718
675 865
676 979
678 785
678 982
680 892
682 697
683 877
686 828
688 811
691 693
691 899
692 699
693 774
698 793
700 719
700 809
704 974
709 856
711 795
712 826
712 993
713 738
713 859
714 753
714 757
715 840
716 952
718 768
721 761
722 802
723 827
724 903
725 938
727 919
729 820
737 801
738 865
741 808
741 890
743 878
744 936
745 842
747 812
747 839
748 877
750 915
750 977
751 777
755 936
760 800
766 842
771 973
775 868
782 787
786 796
790 850
792 882
793 966
797 987
803 805
803 867
807 905
813 961
815 823
815 869
815 886
818 993
821 833
825 917
828 913
830 921
833 970
834 889
838 840
838 947
839 885
842 918
846 882
847 922
848 865
857 951
872 886
872 915
875 984
876 939
876 946
878 964
882 964
882 970
883 903
885 974
886 956
888 906
895 901
897 999
898 916
899 922
902 933
920 996
935 995
939 959
943 948
966 988
