1000 1095
0 227
0 910
1 147
1 268
1 808
2 435
3 16
4 113
4 226
4 235
4 622
4 844
5 18
5 301
6 472
6 666
7 840
8 395
8 400
9 622
10 20
10 180
10 206
10 310
10 558
11 834
12 895
13 385
14 415
15 240
15 639
16 106
16 211
16 306
16 667
16 811
17 663
18 457
18 690
19 119
19 931
21 316
21 465
22 292
22 629
23 766
24 725
25 272
25 660
26 725
26 955
27 395
28 353
29 386
30 452
30 791
30 953
31 366
32 85
32 844
33 807
33 927
34 894
35 129
35 208
36 505
37 434
38 472
38 638
38 932
39 243
39 588
39 780
40 439
40 464
40 777
41 723
42 137
43 733
44 924
45 144
46 137
46 361
47 936
48 249
48 393
48 462
49 553
49 692
49 931
50 278
50 629
50 700
50 708
50 937
50 992
51 713
52 103
53 319
53 421
54 408
55 169
55 196
55 313
55 499
55 582
55 773
56 132
56 451
56 810
56 879
57 430
57 770
58 89
59 310
60 519
61 949
62 828
63 470
64 996
65 840
66 948
67 411
67 458
68 483
68 812
68 963
69 377
69 599
69 823
69 998
70 101
71 511
72 914
73 144
74 239
74 348
75 134
75 325
75 408
75 661
75 682
75 852
76 430
77 570
78 756
79 729
80 551
81 659
82 175
82 220
82 610
82 985
83 106
84 906
85 446
85 952
86 550
87 512
87 717
87 873
88 142
88 819
89 243
90 346
90 918
91 359
92 594
92 947
93 421
93 441
94 624
94 758
95 461
95 825
96 199
97 220
98 179
98 210
99 510
100 508
101 366
101 935
101 942
102 344
102 670
103 340
103 466
104 193
104 774
105 171
106 524
106 923
107 837
107 997
108 849
109 199
109 478
109 799
110 991
111 139
111 604
112 811
112 838
112 846
113 148
113 360
113 782
113 877
114 589
114 605
115 268
116 800
116 990
117 718
118 324
118 397
119 817
120 153
121 972
122 351
122 811
122 922
123 808
124 533
124 950
125 299
125 969
126 730
126 864
127 255
127 619
127 857
128 231
128 746
129 948
130 364
130 857
131 196
131 455
133 617
133 882
134 368
135 817
136 998
137 803
138 268
139 586
140 907
141 211
141 231
141 705
141 921
143 212
143 336
143 436
143 455
143 682
143 999
144 632
144 846
145 193
145 299
145 572
145 708
146 773
147 279
147 286
147 884
148 458
149 360
149 473
149 817
150 666
151 163
151 391
151 546
151 733
152 944
153 676
154 693
154 991
155 280
155 718
155 733
156 920
157 532
158 236
158 244
158 432
158 504
158 687
159 322
159 778
160 262
160 445
161 497
162 888
162 932
163 857
164 665
165 331
165 358
165 436
165 603
165 858
166 238
166 376
167 201
168 985
168 989
170 437
170 444
170 519
170 734
171 236
171 305
171 937
172 448
172 551
172 768
173 349
173 837
174 290
174 741
174 936
174 999
175 264
175 785
176 227
176 270
176 761
177 182
177 920
178 743
181 275
181 846
182 787
183 471
184 367
185 299
186 349
186 375
186 572
187 764
188 580
189 498
190 861
191 259
192 302
192 622
193 218
193 270
194 810
195 662
195 729
196 795
197 293
197 592
197 649
198 401
199 250
200 621
201 562
201 711
201 763
201 885
202 246
202 650
203 263
203 730
203 738
203 753
204 359
204 372
205 430
207 881
209 566
210 937
211 421
211 756
212 287
212 977
213 463
214 486
215 346
215 400
215 517
216 908
217 733
217 756
218 619
218 801
219 264
221 353
222 405
223 341
223 446
223 806
224 317
224 493
225 442
225 630
226 415
227 420
228 753
228 828
229 293
230 346
230 371
230 427
230 454
230 455
230 487
230 572
230 652
230 713
231 390
231 527
232 360
232 410
232 625
232 796
232 811
232 999
233 757
234 774
234 789
235 310
235 955
236 245
237 841
239 440
239 630
241 297
241 418
241 454
242 920
243 363
243 601
243 686
245 613
245 829
246 564
246 766
247 497
247 683
247 840
247 887
248 309
248 559
248 810
248 905
249 564
251 905
252 272
252 294
253 740
254 360
256 693
257 303
257 305
257 471
257 579
258 472
259 830
260 338
260 754
261 475
261 481
261 529
261 834
262 427
262 785
262 955
264 285
264 615
264 758
265 470
265 611
266 990
267 829
268 659
268 695
268 811
268 873
268 893
269 877
270 813
271 602
271 673
271 909
272 538
272 860
273 538
274 629
274 945
276 283
277 305
277 455
277 753
277 834
278 688
279 988
281 621
281 713
282 639
283 754
283 987
284 842
285 612
288 491
288 495
288 552
288 709
289 412
290 946
291 519
292 891
295 729
296 861
297 910
298 392
298 672
299 334
299 435
299 441
299 510
299 703
299 948
300 429
300 477
300 518
300 523
302 346
302 419
303 501
303 659
304 924
305 328
305 363
305 488
305 512
305 514
305 795
305 970
306 321
307 857
307 895
308 795
309 455
309 828
309 906
310 693
310 943
311 807
311 848
312 654
312 853
313 621
314 639
315 817
316 790
316 905
318 572
319 723
320 474
320 760
322 633
322 691
322 869
323 395
326 360
327 344
327 708
327 843
329 650
330 713
331 347
332 338
333 988
335 866
337 448
337 583
338 377
339 352
339 814
340 819
341 587
341 760
341 818
341 837
341 849
341 976
342 668
343 442
345 847
346 356
346 668
346 697
346 968
346 998
347 725
348 713
349 576
350 817
350 919
353 384
353 413
353 747
354 604
354 607
354 666
354 748
355 733
356 405
356 798
356 799
356 910
356 954
356 991
357 425
357 604
357 830
360 540
360 550
360 696
360 744
360 915
362 601
362 795
364 609
365 597
366 616
367 528
369 868
370 816
371 382
371 862
372 806
372 886
373 472
374 710
374 838
375 999
376 666
376 971
377 889
378 675
378 960
379 797
380 768
381 436
382 494
382 734
382 892
383 796
384 894
385 644
385 990
386 401
387 874
388 457
389 672
390 709
391 526
391 716
391 940
392 816
393 834
394 452
394 707
396 617
397 598
397 619
397 944
398 467
399 756
401 812
402 670
403 860
404 426
404 812
406 677
407 708
409 534
409 575
410 668
410 956
412 708
412 880
413 983
414 800
414 966
415 532
416 664
417 572
419 699
420 608
422 740
423 470
424 929
424 934
425 608
426 496
426 748
426 792
426 905
427 472
427 646
428 544
430 490
430 498
430 575
431 572
433 622
434 713
434 931
435 571
436 934
438 450
438 687
439 657
443 809
445 962
446 463
446 557
446 572
446 784
446 941
446 984
447 914
448 654
448 674
449 481
450 971
452 516
452 689
452 708
452 792
453 779
454 636
455 502
455 795
456 879
457 582
457 833
457 978
458 736
459 878
459 982
460 472
461 984
462 733
466 665
466 728
467 743
468 840
469 471
469 516
470 643
470 968
471 528
472 531
472 677
474 948
476 866
477 609
478 832
479 492
479 500
479 745
479 937
480 660
480 791
481 966
482 485
482 634
482 924
484 545
485 510
485 701
486 639
489 502
490 602
490 850
490 920
492 653
493 813
496 933
497 903
498 958
503 628
505 609
506 959
507 541
507 592
508 824
509 608
510 597
511 664
512 725
513 742
515 573
515 639
515 956
516 579
516 623
516 714
516 847
516 888
516 898
519 611
519 797
520 664
520 774
520 986
521 692
522 888
523 647
524 983
525 826
526 577
526 652
526 702
526 754
526 913
528 569
530 816
533 754
533 867
535 743
536 818
537 703
538 654
538 706
538 757
539 785
540 604
541 888
542 760
543 936
544 661
545 676
545 850
547 985
548 893
549 813
553 622
553 938
553 974
554 622
555 688
556 782
557 713
557 759
559 996
560 805
560 978
561 610
561 727
561 991
563 691
564 833
564 871
564 968
565 652
566 682
567 635
567 664
568 761
570 826
570 995
571 795
573 981
574 970
578 824
579 917
580 732
580 937
581 741
584 825
585 636
586 731
586 859
586 944
587 805
590 847
591 642
591 959
593 599
594 708
595 812
596 799
597 662
600 828
602 807
603 766
605 978
606 789
609 730
609 954
612 615
614 929
615 831
615 982
615 988
617 663
617 897
618 806
618 970
620 652
621 835
622 749
622 795
622 959
622 972
626 777
626 836
626 850
626 855
627 660
628 738
628 892
628 965
629 790
629 895
630 708
631 711
637 704
639 713
640 780
641 988
643 955
644 713
644 803
645 688
646 689
648 706
649 851
650 660
650 840
651 820
651 964
653 896
654 752
654 811
654 827
654 899
655 924
656 682
656 879
658 748
659 764
662 996
663 858
663 926
664 684
665 890
666 861
668 845
668 896
668 916
669 725
669 911
671 899
672 681
672 869
675 785
675 822
678 846
679 738
680 971
682 724
682 771
682 820
683 875
684 800
685 857
687 769
693 786
694 807
697 750
698 754
704 994
706 793
708 965
709 860
712 793
713 809
713 834
715 971
718 930
719 827
720 917
721 756
722 836
726 746
726 790
726 834
735 999
737 881
739 998
740 754
740 822
742 754
743 811
745 901
751 810
755 823
755 863
758 991
762 824
763 904
763 984
765 939
767 897
771 826
772 937
775 795
776 834
776 881
779 847
781 999
783 894
784 863
785 945
787 815
787 961
788 998
790 866
794 898
795 850
796 975
797 910
799 944
800 873
802 822
802 876
803 874
804 840
807 829
807 840
807 876
811 816
814 838
815 918
819 856
819 968
820 993
821 850
824 858
824 980
828 854
828 886
837 868
838 883
838 983
839 920
841 989
841 998
842 867
843 967
850 925
859 872
865 983
867 994
867 995
869 936
870 963
871 973
873 930
876 949
883 926
886 955
894 906
897 929
900 976
902 963
902 979
904 983
907 954
908 997
912 945
914 958
916 957
916 968
923 928
929 937
930 991
939 944
940 963
941 956
942 998
951 954
