1000 1095
0 731
1 18
1 325
1 622
1 798
2 357
3 34
3 735
3 773
3 873
4 135
4 591
5 15
6 742
7 246
7 444
8 148
9 703
9 741
9 786
10 602
10 894
11 822
12 262
12 360
12 436
13 842
14 426
14 949
15 714
16 219
16 311
16 688
16 699
17 323
17 609
18 63
18 437
18 584
19 74
19 419
19 709
19 981
20 505
21 274
22 159
22 731
23 138
23 164
23 356
24 352
25 223
26 116
26 306
27 451
28 185
28 763
28 897
29 537
30 598
30 962
31 847
32 315
32 707
33 157
33 557
33 809
33 995
34 165
34 178
34 310
34 391
34 554
34 665
35 454
36 803
36 999
37 444
37 703
38 514
38 761
38 868
39 372
39 596
40 525
41 920
42 190
43 602
44 746
45 305
46 483
46 536
47 187
47 527
48 306
48 451
49 110
50 554
51 153
51 881
52 62
52 413
52 818
52 933
52 986
53 345
53 401
53 536
53 907
54 71
54 89
54 255
54 900
55 132
55 203
55 859
56 514
56 726
57 466
57 616
58 466
59 802
60 317
60 861
61 72
62 118
63 466
64 135
65 170
65 542
65 714
65 899
66 569
66 705
67 957
68 852
68 955
69 184
70 74
70 326
70 392
70 518
70 732
70 963
72 187
72 605
72 625
72 796
72 831
72 912
73 289
75 297
76 336
76 413
76 910
77 678
78 822
78 933
79 471
79 965
80 361
81 742
81 898
82 780
83 881
84 324
85 706
85 935
86 513
87 387
87 498
87 645
87 818
88 200
90 370
90 389
90 456
90 498
91 109
91 844
92 556
92 865
93 156
94 150
94 481
94 580
94 814
95 128
95 373
95 382
95 446
95 507
96 122
96 929
97 458
97 966
98 424
98 726
98 845
99 616
99 829
100 628
100 774
101 856
102 259
102 680
102 781
103 285
103 569
103 683
104 279
105 325
106 815
107 529
108 284
108 656
108 684
109 165
109 499
109 589
110 876
111 182
111 300
111 727
112 923
113 550
114 578
115 707
116 892
117 437
117 844
118 258
118 451
118 624
118 823
118 953
119 621
120 283
120 695
121 769
121 816
123 468
123 536
124 406
124 469
124 566
124 661
124 860
124 877
124 910
125 674
125 840
126 166
126 602
127 169
127 443
128 675
129 297
129 373
130 200
130 520
130 728
131 847
132 232
132 722
133 378
133 912
134 143
134 538
134 644
135 936
136 931
137 353
137 541
137 841
138 791
139 943
140 161
140 287
140 578
140 999
141 447
141 505
141 742
142 410
142 953
143 168
143 321
143 522
143 560
143 963
144 523
144 847
144 978
145 166
146 327
146 594
146 726
147 193
148 374
148 486
149 906
150 474
150 658
150 716
151 793
152 526
152 628
153 719
154 297
155 397
156 586
156 901
156 977
157 369
158 245
160 483
160 905
162 560
162 785
162 932
163 228
164 252
164 344
164 406
165 329
165 501
165 925
165 958
166 444
166 722
166 813
167 519
169 202
169 367
169 405
169 513
169 661
170 364
170 537
170 718
170 891
171 714
172 443
173 361
173 787
174 201
174 206
174 474
174 680
175 383
175 482
175 811
175 874
175 982
176 572
176 655
176 725
176 826
176 931
177 380
177 385
178 335
178 871
179 542
180 927
181 811
183 374
184 318
185 379
185 414
185 492
185 588
186 223
186 709
187 324
187 437
187 746
187 851
188 326
188 930
189 518
189 547
190 214
191 921
192 193
192 390
192 896
192 976
193 213
194 195
194 427
194 736
195 562
195 683
196 263
197 731
198 490
199 339
199 407
200 767
201 952
202 783
203 646
204 773
205 682
205 705
206 290
206 490
206 857
207 693
208 540
208 689
208 816
209 842
209 908
210 749
210 751
211 388
211 444
211 601
211 818
212 362
212 693
212 925
214 230
214 405
214 428
214 806
214 807
214 949
215 752
215 827
216 278
216 924
216 975
217 953
218 334
219 298
219 661
220 276
221 374
222 660
222 818
222 928
223 348
223 954
224 466
225 448
225 737
226 770
227 682
228 245
228 851
229 472
230 320
230 853
230 955
231 987
233 252
234 776
235 537
236 249
237 350
237 923
238 468
238 548
239 626
240 334
241 827
242 495
243 571
244 502
246 328
247 358
248 477
249 655
249 748
250 657
251 753
251 864
252 556
252 672
252 712
253 818
253 970
254 659
254 746
256 637
256 716
257 458
258 729
258 835
259 454
260 391
261 309
262 482
263 657
263 821
264 493
264 496
264 832
264 948
265 293
265 739
266 371
266 502
266 668
267 889
268 446
269 707
269 900
270 691
271 387
272 349
272 465
272 559
273 323
274 471
274 776
274 852
275 550
276 600
276 677
277 412
279 461
279 852
279 867
280 627
281 601
281 858
282 311
282 741
286 681
286 895
287 793
287 870
288 361
289 747
289 951
289 973
290 301
290 863
290 972
291 710
292 793
293 910
294 364
295 353
295 695
296 802
298 375
298 528
298 593
298 778
299 595
299 692
300 308
300 941
301 472
301 923
302 342
303 509
304 352
304 492
305 901
306 437
306 529
307 903
308 989
309 479
309 492
309 530
309 705
310 852
312 805
313 759
314 406
314 563
314 837
315 688
315 893
316 711
316 983
317 464
317 566
317 795
317 883
318 589
318 745
319 340
319 827
321 788
322 458
322 714
323 491
323 535
323 584
323 595
323 681
323 910
324 900
324 979
325 453
325 768
326 398
326 469
326 487
326 549
326 617
329 383
329 639
329 733
329 816
330 779
331 578
332 454
333 353
333 980
334 421
334 776
337 388
338 761
339 459
339 885
341 571
342 801
343 379
343 893
344 686
345 708
345 779
346 612
347 440
349 727
351 468
351 657
352 772
353 392
353 812
354 483
354 741
355 381
355 691
357 534
358 475
359 669
359 989
360 779
360 784
361 816
363 605
364 759
365 561
365 902
366 974
367 793
368 492
368 607
368 710
368 978
369 537
369 832
370 922
371 852
373 987
374 399
374 613
374 618
374 823
374 990
374 992
376 465
376 606
377 950
378 834
379 438
380 399
380 687
380 775
382 945
383 572
384 579
385 801
385 802
386 586
392 851
392 956
393 481
393 560
394 662
395 609
395 827
396 514
397 728
398 882
399 864
399 978
400 756
400 866
401 651
401 664
401 809
401 828
402 579
403 710
404 811
404 874
405 545
405 640
405 721
407 473
408 937
409 529
410 594
410 997
411 908
412 925
415 809
415 911
416 984
417 562
418 507
418 522
418 936
418 937
420 562
422 655
422 677
423 643
423 719
424 603
425 919
428 846
428 855
428 928
429 644
430 941
431 543
431 616
431 974
432 815
433 773
434 546
435 965
436 563
437 631
438 766
439 455
439 518
440 511
440 959
440 988
441 449
442 920
443 785
444 552
444 626
444 650
444 736
445 904
445 984
446 499
448 607
448 633
449 515
449 596
449 661
449 714
450 587
450 611
451 649
452 609
453 585
454 542
454 727
455 953
456 467
456 738
457 940
458 641
460 616
462 528
463 818
463 929
466 516
466 993
469 674
469 736
469 879
469 925
469 974
470 670
470 730
471 876
472 688
475 517
475 705
475 785
476 649
477 706
478 492
480 664
480 740
482 610
482 856
483 734
484 667
485 808
485 816
488 674
488 802
489 982
490 581
492 999
493 508
494 701
495 619
497 999
498 902
500 984
503 564
504 520
505 683
506 517
509 925
509 963
510 729
510 888
512 779
513 592
513 704
515 652
518 525
518 760
518 852
518 919
518 987
518 999
519 805
520 573
520 743
520 916
521 877
524 908
526 704
530 760
531 607
532 991
533 890
534 639
534 703
535 969
536 963
536 988
537 553
537 570
537 776
539 607
540 894
540 976
542 597
542 628
542 925
542 930
542 960
544 577
544 988
546 800
546 811
549 589
550 908
551 632
551 851
552 994
555 569
558 819
560 650
564 655
565 765
567 706
568 695
570 659
571 927
572 789
572 901
574 579
574 837
575 583
575 650
576 912
579 746
581 636
582 636
583 614
587 640
590 726
596 611
596 691
596 906
598 912
599 681
600 991
601 678
601 686
602 848
602 890
603 852
603 924
604 995
605 921
607 996
608 847
609 612
614 892
615 782
616 985
616 998
619 770
620 937
621 768
621 843
622 833
622 947
623 978
624 648
624 781
626 666
626 781
626 825
626 887
627 857
627 991
628 757
629 638
630 810
634 927
635 715
635 983
637 841
638 937
639 749
639 761
641 957
642 776
646 976
647 795
649 653
652 982
654 900
655 712
657 705
661 719
661 815
661 885
661 984
662 807
663 918
663 932
667 782
667 869
667 946
669 809
669 878
670 673
670 705
670 765
670 905
671 872
671 921
671 968
672 770
672 820
673 862
674 824
674 940
674 971
676 770
677 963
678 697
679 754
679 813
680 764
680 852
680 983
682 991
684 798
684 925
685 733
687 741
688 874
690 763
690 907
691 854
692 817
694 852
694 951
696 956
698 874
700 999
701 754
701 852
701 939
702 733
706 765
709 797
710 723
713 985
716 867
717 911
720 746
724 754
725 879
726 816
728 934
731 963
732 758
733 794
735 908
736 780
736 805
736 952
736 999
743 934
744 920
750 831
750 889
750 993
752 794
753 887
755 951
760 955
762 836
763 850
770 856
771 856
772 849
774 866
776 804
777 832
779 809
780 810
782 929
782 959
786 924
788 909
790 988
792 821
797 943
797 963
799 952
799 967
801 818
802 886
803 884
809 839
813 883
817 974
819 930
820 980
827 999
830 840
833 915
836 966
838 917
838 919
840 930
847 933
847 947
851 934
854 904
854 938
860 976
865 890
866 887
868 983
875 984
880 950
881 983
883 936
887 981
897 913
903 931
907 961
912 935
914 985
920 930
926 999
927 963
930 944
931 942
934 950
937 987
964 979
966 987
