100 129
0 43
0 72
0 82
0 99
1 13
1 14
1 40
1 49
1 93
1 98
1 99
2 11
2 22
2 42
3 4
3 7
3 37
3 96
4 63
5 43
6 17
6 40
6 41
6 81
6 93
7 50
8 26
8 59
8 78
8 98
9 15
10 45
12 39
12 55
12 96
14 16
14 20
14 80
15 24
15 39
15 64
16 46
16 47
16 61
17 21
18 56
18 79
19 49
20 39
20 44
21 31
23 28
24 29
24 31
24 66
24 97
24 99
25 33
26 72
27 72
27 83
28 37
28 81
29 45
30 72
30 97
32 41
32 61
33 52
33 89
33 91
33 95
34 40
35 69
35 87
36 87
37 54
37 56
37 73
37 88
37 93
38 70
38 74
38 78
38 99
40 51
42 93
43 54
43 83
45 62
45 85
47 54
48 63
48 81
48 86
52 57
52 60
52 81
52 99
53 90
54 74
54 88
55 68
55 73
56 78
57 82
57 87
57 98
58 69
58 79
58 93
59 67
59 78
61 74
62 66
62 88
63 72
63 95
63 98
65 99
71 99
72 79
72 84
73 94
74 75
75 92
76 95
77 97
89 90
