100 129
0 27
0 43
1 3
1 4
1 75
1 96
2 68
2 90
3 36
3 48
3 66
3 71
3 72
3 74
5 50
5 63
6 7
7 9
7 21
7 36
7 89
7 99
8 21
8 29
8 57
9 96
10 91
11 30
11 36
11 42
12 23
12 65
12 68
12 87
13 66
14 16
14 37
15 52
15 56
15 84
16 88
16 95
16 99
17 77
17 87
18 30
19 62
20 46
20 76
21 91
22 38
22 46
22 62
23 78
24 60
25 99
26 28
26 35
26 67
26 94
27 51
27 66
27 85
28 52
28 72
28 99
29 45
30 44
30 56
30 85
31 90
32 65
33 58
33 72
34 82
34 83
38 52
39 89
40 80
40 82
40 93
41 56
41 79
42 60
42 68
45 49
45 71
45 92
46 55
47 52
47 57
49 58
49 81
50 76
50 95
52 77
52 82
52 99
53 80
53 83
54 89
55 97
56 72
56 86
58 78
59 72
61 87
62 98
63 68
63 81
64 65
65 68
65 77
68 83
69 77
70 91
71 97
73 86
76 80
78 84
79 90
80 85
80 99
81 87
87 91
87 98
87 99
88 98
94 96
