100 129
0 55
0 64
0 77
1 19
1 44
1 58
1 90
1 91
2 27
3 77
4 59
4 81
5 82
6 52
6 54
6 90
7 21
7 82
7 84
8 15
8 30
8 35
8 76
8 80
9 85
10 47
10 69
11 45
11 67
11 80
12 60
12 73
12 79
13 75
14 26
14 49
14 61
16 27
16 39
16 43
16 55
17 19
17 47
18 57
19 68
20 23
20 61
20 97
21 63
21 91
22 28
22 32
22 73
24 68
25 64
25 93
26 83
26 87
26 88
27 32
27 41
27 45
27 63
27 74
28 35
28 89
29 43
29 62
29 76
31 74
33 38
33 48
34 70
34 85
34 90
35 65
36 59
36 76
37 44
37 85
38 45
38 46
40 69
40 75
40 85
42 51
43 57
43 71
43 89
44 92
45 64
45 69
45 83
45 99
46 59
47 85
49 90
49 98
50 63
51 74
53 60
53 73
54 83
54 95
55 58
55 98
56 58
57 85
57 94
58 70
58 83
58 99
59 72
60 76
61 89
62 74
64 96
65 98
66 72
67 73
73 83
74 86
74 95
75 85
78 96
79 81
81 98
87 95
93 96
