100 129
0 2
0 18
0 36
0 43
0 95
1 7
1 8
1 65
2 28
2 53
3 7
3 20
3 26
3 27
3 79
4 74
5 25
5 31
5 55
5 75
5 92
5 94
6 22
6 74
7 15
7 28
8 45
8 97
9 72
9 84
10 39
10 49
10 60
10 68
11 21
11 26
11 52
11 56
11 66
11 95
12 81
12 83
13 47
13 63
14 64
14 82
15 97
16 19
16 24
16 45
16 62
16 81
17 38
17 40
17 46
17 72
18 74
19 38
19 42
19 65
19 81
20 48
20 76
21 23
21 37
21 90
23 47
24 87
25 32
25 80
25 87
26 63
26 73
26 85
26 96
26 99
27 84
27 92
28 62
28 88
29 42
30 41
30 93
31 61
33 60
33 69
34 72
34 78
35 92
36 88
39 64
41 60
41 74
42 57
42 77
43 67
44 99
45 99
46 63
47 52
47 61
49 70
50 73
51 63
54 57
54 67
54 77
55 99
57 78
58 99
59 67
59 96
60 75
60 77
60 98
62 77
67 82
67 94
71 98
73 88
74 92
79 87
81 89
82 91
83 84
86 87
89 95
94 99
96 99
