100 129
0 65
1 29
2 16
2 38
2 46
3 56
3 82
4 11
4 30
4 36
4 39
4 43
4 53
4 61
4 73
5 50
5 59
5 77
5 99
6 47
6 77
7 12
7 15
7 52
7 56
7 80
8 91
9 51
9 69
9 74
10 42
12 86
13 25
13 55
13 83
13 87
14 50
17 43
18 50
19 24
19 67
20 70
21 41
21 60
21 82
21 99
22 26
22 59
23 35
23 57
23 83
23 84
24 38
24 46
24 51
24 67
26 41
26 66
26 95
27 33
27 47
27 53
27 77
28 80
29 50
29 60
30 42
30 80
30 83
30 95
30 96
31 67
32 57
32 75
34 74
35 80
36 72
36 76
37 44
38 44
38 45
38 69
39 88
40 92
43 83
43 97
44 87
45 48
46 49
46 62
49 70
50 71
50 89
51 83
51 91
51 99
52 66
53 90
54 75
54 76
55 68
58 93
59 83
60 66
60 70
60 71
60 82
60 93
60 98
61 78
61 81
63 90
64 66
65 67
66 88
67 92
68 79
69 94
71 89
72 75
73 76
74 90
78 87
78 96
80 86
80 99
85 89
91 96
94 96
