100 129
0 2
0 73
0 74
1 31
1 41
1 70
2 6
2 22
2 29
2 45
2 54
2 67
3 28
4 25
4 85
4 97
5 69
5 87
5 93
6 80
7 90
8 23
8 81
9 73
9 98
10 42
10 88
11 99
12 16
12 95
12 99
13 35
13 72
13 95
14 41
14 43
14 51
15 49
15 55
16 34
16 65
16 71
17 73
18 70
19 42
19 58
20 37
20 79
21 89
22 35
22 39
22 46
22 50
23 73
24 27
25 27
25 68
26 44
26 70
26 76
26 81
27 97
28 53
28 58
29 99
30 70
31 37
31 62
31 89
31 99
32 48
32 50
32 65
32 99
33 64
33 78
33 87
34 67
34 74
36 50
37 74
37 82
38 75
38 80
39 45
40 58
42 45
43 70
43 85
44 74
46 47
49 97
50 58
50 71
51 83
52 89
54 66
55 97
56 80
57 64
58 90
58 96
59 75
59 81
60 90
61 72
61 95
62 83
62 97
63 99
64 70
64 88
65 85
66 78
67 94
68 80
68 92
68 94
70 81
71 91
72 86
72 92
75 87
77 81
79 99
84 85
87 90
87 99
89 94
