100 129
0 7
0 55
1 33
1 76
2 23
2 44
3 17
3 20
3 55
3 83
3 93
4 51
4 70
5 11
5 98
6 12
6 98
7 56
8 49
8 80
9 14
9 23
9 30
9 41
9 55
9 58
9 79
9 85
9 91
10 30
10 43
10 57
11 15
11 29
12 27
12 37
12 61
13 46
13 67
13 80
15 41
15 91
16 35
16 41
16 42
16 46
17 65
18 80
19 39
20 21
20 37
20 69
21 58
22 86
22 90
23 30
23 65
23 73
23 91
23 97
23 99
24 69
25 49
26 36
26 43
27 89
28 65
31 70
31 78
31 82
32 44
32 46
32 52
32 98
33 44
33 57
33 66
34 95
35 46
35 86
35 92
36 56
37 68
38 44
38 70
38 79
39 40
39 66
39 81
41 45
43 68
44 62
44 71
44 99
46 72
46 80
47 87
48 69
48 79
49 66
50 57
50 99
51 52
51 63
52 74
53 62
54 90
55 56
55 87
56 63
56 67
56 77
59 69
60 85
62 69
62 76
64 77
66 99
68 74
69 78
71 94
71 96
73 85
73 95
75 84
79 93
82 95
84 86
88 96
