100 129
0 48
0 51
0 80
1 25
2 9
2 42
2 62
3 8
4 24
4 67
5 56
5 75
6 50
6 91
7 25
7 45
7 70
7 95
8 21
8 68
8 75
8 97
9 49
9 94
10 90
11 23
11 46
11 87
11 98
12 65
12 73
13 80
14 19
14 32
14 79
15 69
16 73
17 94
18 25
18 37
18 77
18 87
18 94
19 44
19 62
20 33
20 76
22 29
22 75
25 79
26 37
27 38
27 58
28 53
29 40
29 44
29 85
29 87
30 35
30 51
30 63
30 84
31 42
32 54
32 76
32 83
33 73
34 36
35 39
36 81
36 95
37 43
37 59
37 62
37 68
38 73
38 74
39 66
39 81
40 53
40 61
40 62
41 66
42 98
43 75
43 79
44 95
46 80
47 60
47 63
47 76
47 92
48 68
48 72
48 90
52 85
55 57
55 65
55 71
55 94
56 84
56 94
57 60
57 62
57 68
58 80
58 96
58 97
63 97
64 74
65 72
65 78
67 85
67 99
68 86
68 89
69 71
72 97
73 82
73 99
79 95
81 93
81 97
82 94
85 91
88 93
91 93
95 96
97 99
