100 129
0 61
1 11
1 60
1 63
1 82
2 10
2 49
2 69
3 98
4 43
4 82
5 70
5 71
6 21
6 28
7 20
7 72
8 39
8 72
8 75
9 91
10 28
10 46
10 59
11 76
12 15
12 24
12 69
12 86
13 24
13 28
13 77
13 99
14 99
16 43
17 84
17 99
18 80
18 93
18 99
19 40
19 48
19 89
21 75
22 29
22 42
22 99
23 24
23 51
24 56
24 68
24 94
25 73
26 49
26 54
26 80
27 49
27 62
28 51
28 82
28 92
29 73
29 96
30 99
31 42
31 53
32 51
33 38
33 53
33 58
33 91
34 82
35 45
36 85
37 40
38 83
39 43
40 44
41 63
41 67
42 86
43 82
45 75
45 95
46 47
46 63
49 76
50 63
50 75
51 78
51 89
52 97
53 84
55 73
56 99
57 82
58 63
58 86
59 82
59 92
59 98
61 72
61 76
62 79
64 87
64 93
64 96
65 82
66 88
67 70
68 81
70 80
70 81
70 85
70 99
71 85
72 89
73 74
73 82
73 88
74 95
77 79
82 86
82 97
85 90
85 91
85 98
88 89
92 97
