100 129
0 17
0 81
1 16
2 12
2 19
2 27
2 29
2 51
2 87
2 92
2 96
3 16
3 89
4 68
4 90
5 22
6 11
6 12
6 57
6 74
7 25
7 67
7 71
8 60
9 20
9 26
9 39
10 19
12 36
13 29
13 38
13 54
13 60
14 80
15 35
15 39
15 47
15 54
16 30
16 60
17 21
17 39
17 97
18 33
19 70
19 99
20 59
20 98
22 53
23 55
24 52
24 53
24 71
25 47
25 51
25 79
26 49
28 97
29 61
29 63
29 99
31 77
32 41
33 35
33 41
33 75
33 78
34 54
36 42
37 38
37 45
39 44
39 80
39 99
40 67
40 91
41 52
42 97
43 53
43 68
44 53
45 56
45 71
45 80
46 53
46 61
46 90
47 53
47 66
47 95
48 72
50 61
52 53
52 93
53 73
53 89
54 87
55 68
55 98
56 76
57 97
58 82
58 95
59 80
61 75
62 72
62 89
64 93
65 76
65 84
65 99
66 77
68 84
69 85
69 94
73 79
74 88
75 93
76 85
77 94
78 87
79 83
80 86
81 89
82 88
85 86
86 88
86 91
86 94
