400 459
0 15
0 98
0 214
1 34
1 199
2 106
2 146
2 224
2 269
2 278
2 315
2 369
2 386
3 164
3 372
4 5
4 45
4 69
4 163
4 167
4 234
4 263
4 384
6 87
6 273
6 360
7 71
7 91
7 283
8 40
8 72
8 136
9 53
9 93
10 40
10 189
11 218
12 322
13 375
14 122
14 254
16 244
17 130
17 341
18 25
19 176
20 191
20 272
20 309
20 357
21 55
21 162
21 308
22 94
23 283
23 294
24 52
25 82
25 186
25 259
25 345
26 324
27 342
28 352
29 122
30 212
30 338
31 49
31 172
31 313
31 347
32 228
33 38
33 97
33 225
34 38
34 142
34 374
35 140
35 157
35 384
35 399
36 334
36 377
37 253
38 266
38 317
39 246
39 260
40 140
41 157
42 54
42 236
43 253
44 116
45 298
46 93
46 100
47 322
48 182
48 307
49 214
50 375
51 272
51 354
51 375
52 104
52 184
52 200
52 230
52 357
53 218
54 117
54 150
54 166
54 223
54 227
54 290
56 58
56 96
56 134
56 303
57 223
58 165
59 181
60 383
61 98
61 365
61 392
62 128
62 293
62 310
62 380
63 77
64 313
65 289
66 244
67 89
67 134
67 145
67 338
68 80
68 125
68 279
69 99
70 366
73 85
73 190
73 317
73 334
74 157
75 141
75 188
75 361
76 144
76 195
76 373
77 229
77 272
78 122
78 283
78 313
78 360
78 388
79 145
79 230
79 292
80 318
80 368
81 186
81 291
81 344
81 363
81 399
82 210
82 228
82 310
83 156
83 259
84 221
84 311
85 394
86 132
86 368
87 274
87 352
88 166
88 263
89 130
89 134
89 140
89 144
89 181
90 146
90 270
92 132
93 273
94 317
94 320
94 332
94 370
95 189
95 206
95 321
97 112
97 183
97 398
98 321
98 370
101 218
101 272
102 352
103 274
103 326
103 350
105 259
105 393
106 252
107 138
107 312
108 128
108 347
108 397
109 204
109 278
110 280
111 145
112 135
112 260
113 252
113 301
114 334
114 377
115 168
115 310
116 164
117 258
118 168
119 199
119 291
120 175
120 299
120 360
121 126
122 236
122 262
122 317
122 384
123 154
124 335
124 378
126 130
126 320
127 221
128 217
128 248
129 172
129 247
130 296
131 138
131 251
133 249
134 245
134 327
134 352
136 327
137 187
137 226
138 152
139 187
140 161
140 198
141 215
141 272
141 291
142 250
143 347
145 371
146 241
147 256
147 275
148 308
149 319
150 203
150 352
151 190
153 273
154 164
155 213
155 387
156 197
156 265
156 279
157 286
157 306
157 314
157 337
158 177
159 174
160 199
160 305
162 255
162 256
162 276
162 335
162 336
162 385
164 365
165 350
165 353
168 221
169 233
170 354
171 212
173 233
174 230
176 341
176 363
177 192
177 295
177 320
178 204
179 271
180 365
181 190
181 297
182 335
184 194
185 321
187 289
187 324
187 384
190 325
192 357
193 312
196 395
197 247
201 346
202 256
203 287
204 297
204 324
205 366
205 387
207 353
208 211
208 352
209 237
209 385
210 272
211 274
211 355
213 230
213 285
213 300
215 247
216 310
217 283
217 308
218 258
218 358
219 360
220 249
222 235
222 288
223 244
223 271
224 321
224 362
226 285
227 310
227 393
228 354
230 262
230 383
231 246
232 365
233 354
234 238
234 328
236 359
238 302
239 272
240 299
241 303
242 343
243 283
244 340
244 342
244 391
247 348
247 369
249 363
251 349
251 352
253 367
253 368
254 285
256 310
256 350
256 365
257 362
261 280
261 281
261 282
261 300
261 322
262 324
262 396
263 277
264 357
267 340
268 389
269 305
269 310
270 281
270 292
272 381
281 284
281 399
286 302
288 387
291 352
300 389
301 329
304 382
305 319
305 351
308 338
310 364
310 399
311 360
312 366
315 395
316 324
319 343
321 330
322 382
323 356
331 391
332 348
333 386
334 377
336 342
339 342
340 343
344 346
344 376
347 361
347 379
352 387
352 388
356 368
357 389
364 368
375 385
378 381
379 390
382 399
