400 459
0 107
0 375
1 167
1 204
2 52
2 103
3 31
3 81
3 134
3 265
3 381
4 134
5 142
6 318
7 217
8 120
8 189
9 44
9 59
9 146
9 365
10 67
10 76
10 382
11 368
12 245
12 248
13 209
13 229
13 368
14 89
14 217
15 96
15 346
15 383
16 94
17 334
18 60
18 118
18 291
19 60
19 131
19 368
20 48
20 172
20 345
21 95
21 134
21 244
21 338
22 24
22 39
22 191
22 276
23 62
23 200
23 297
23 314
24 73
25 26
25 354
26 206
26 351
26 385
26 388
27 165
28 102
28 155
28 200
28 358
29 236
30 183
30 244
31 110
32 137
32 158
32 269
33 278
34 381
35 181
36 133
36 346
36 356
37 256
37 355
38 271
38 376
40 107
40 228
41 121
42 96
42 118
42 269
43 60
43 393
44 181
45 216
45 257
45 390
46 313
47 244
49 153
49 156
50 98
50 373
50 391
51 210
52 281
53 396
54 90
55 395
56 276
57 156
58 129
58 165
58 275
58 291
59 197
60 203
60 248
60 353
60 358
60 385
61 108
61 136
61 329
61 393
62 299
63 134
63 267
63 327
63 351
64 121
64 221
65 138
65 149
65 249
65 362
65 375
66 113
66 175
67 134
67 303
68 118
68 141
68 192
68 193
68 305
68 395
69 81
69 84
70 245
71 83
71 262
72 79
72 239
74 197
74 201
75 316
76 94
77 130
77 394
78 244
79 318
80 184
80 247
80 290
80 368
82 251
82 302
82 344
83 164
83 332
84 389
85 134
85 285
85 394
86 344
87 263
88 131
90 127
90 162
90 173
90 215
91 144
92 242
93 160
93 394
94 290
95 125
95 187
95 204
97 276
98 183
99 152
99 280
99 378
99 394
100 138
100 321
101 384
102 205
102 210
102 228
102 261
102 339
102 343
103 274
103 330
104 173
105 206
105 322
105 378
106 274
106 372
108 233
108 238
108 320
109 279
109 346
110 289
111 172
111 389
112 129
112 293
113 245
114 354
115 256
116 372
116 380
117 170
118 208
118 316
119 197
121 313
122 230
122 318
123 258
123 266
124 221
124 371
126 246
126 288
127 265
127 282
127 283
127 298
127 323
128 259
128 367
128 396
129 222
129 366
132 293
133 165
133 243
133 265
133 273
134 313
134 363
134 388
135 244
135 249
136 385
137 174
137 294
138 253
139 252
140 216
140 353
141 374
142 293
143 211
143 331
144 269
145 395
146 300
146 306
146 327
146 358
146 382
147 313
147 357
148 206
149 175
150 159
151 263
151 351
152 224
152 230
153 285
153 384
154 182
154 186
154 355
154 369
156 232
157 236
159 162
159 378
161 362
162 396
163 282
163 288
164 371
166 245
167 169
167 241
167 371
168 242
168 394
170 196
170 266
171 289
172 340
174 381
175 371
176 204
177 232
178 283
179 318
180 234
183 312
184 317
185 272
185 324
186 216
186 223
186 260
186 394
188 319
189 219
189 285
190 333
190 393
191 195
191 232
191 287
191 385
192 387
193 246
194 223
194 260
196 218
196 252
197 374
197 376
198 231
199 280
200 231
200 271
201 360
202 251
205 291
207 234
207 281
211 236
211 307
212 285
212 311
213 335
214 254
214 261
216 325
217 248
218 249
220 334
222 294
223 379
224 337
225 269
225 279
225 300
226 239
227 286
227 347
227 352
231 309
233 393
234 246
235 316
237 252
239 385
240 324
241 317
244 272
246 371
246 372
246 394
248 386
249 385
250 291
251 258
251 341
251 397
254 295
255 315
256 296
256 361
258 275
260 277
260 333
261 381
263 264
264 335
267 395
268 371
269 385
270 345
276 350
278 284
284 384
288 296
291 300
292 381
293 393
294 370
295 335
295 380
300 347
301 385
304 313
304 364
305 387
306 310
308 313
308 349
314 320
315 324
315 335
317 327
319 344
319 385
325 377
326 386
328 378
331 342
331 348
331 393
332 385
332 391
334 393
335 399
336 389
345 363
345 399
347 351
352 367
353 389
358 393
358 399
359 363
361 385
362 392
371 398
372 390
372 399
381 391
381 393
