400 459
0 39
0 164
0 259
0 289
0 318
0 374
1 51
1 297
1 308
1 357
2 354
2 382
3 71
3 72
3 105
3 362
4 128
5 231
6 144
6 222
6 254
7 91
7 341
8 153
8 360
9 288
10 76
10 142
10 247
10 273
11 241
11 312
11 327
11 355
11 395
12 103
12 114
12 372
13 253
13 283
14 151
15 27
15 300
16 285
16 339
16 386
17 261
17 340
18 107
19 100
19 183
20 54
20 354
21 223
22 43
22 376
23 156
23 306
23 354
24 25
24 48
24 119
24 140
24 183
25 263
25 341
26 42
26 194
26 201
26 265
26 343
27 192
27 286
28 68
28 159
29 349
30 43
30 62
31 88
32 146
32 150
33 73
33 214
33 249
34 48
35 91
35 184
35 209
35 290
35 332
35 392
36 161
36 375
37 142
38 75
38 378
40 91
40 169
40 252
41 101
41 294
43 166
44 290
44 352
45 303
46 340
47 91
48 58
48 345
48 365
49 107
50 53
50 159
50 330
50 367
51 104
51 337
52 270
53 162
53 238
53 260
55 57
55 98
55 215
56 70
56 283
57 161
57 275
58 84
58 314
58 366
59 378
59 388
60 358
61 170
61 253
61 398
62 252
62 257
63 311
63 332
64 102
64 137
65 103
65 196
65 351
66 243
67 161
67 325
69 164
70 139
71 189
72 155
74 180
74 208
74 216
74 231
74 371
75 172
76 360
77 151
77 292
78 79
79 144
79 344
80 97
80 116
80 199
80 270
80 399
81 179
81 266
81 287
81 317
82 334
83 186
85 227
85 312
86 388
87 130
88 152
88 251
89 303
89 342
90 153
91 246
91 369
91 399
92 324
93 232
93 328
93 334
94 101
94 182
95 197
95 290
96 135
96 146
99 220
99 285
100 234
101 253
102 178
102 306
102 354
103 290
104 107
104 119
104 301
105 133
105 295
106 201
107 141
107 191
107 346
108 225
109 188
110 179
110 212
111 257
112 189
113 231
115 307
117 270
118 148
119 372
120 137
120 310
121 234
121 272
122 213
122 398
123 225
124 229
124 243
124 299
125 128
126 202
126 385
127 176
127 219
127 236
127 298
127 383
128 171
128 188
128 286
129 192
129 316
130 235
130 354
131 200
132 228
132 235
133 349
134 197
134 282
135 322
136 147
136 338
136 350
137 354
138 311
138 388
139 281
139 320
140 154
140 331
141 333
142 236
142 262
142 285
142 387
142 399
143 258
143 374
144 205
144 354
144 391
144 397
145 196
146 285
146 381
147 312
148 345
149 240
150 244
151 265
151 396
152 302
152 361
153 309
155 178
156 218
156 323
156 399
157 323
158 393
159 161
159 302
159 354
160 379
161 217
161 303
161 358
162 358
162 376
163 375
165 249
165 393
167 391
168 230
168 390
171 304
171 359
171 362
172 243
172 309
172 329
173 247
174 397
175 362
176 285
177 199
177 373
178 291
179 188
179 301
179 399
180 221
180 290
180 347
181 345
183 377
184 393
185 253
185 285
186 284
186 399
187 205
187 327
188 335
190 345
193 202
195 212
195 228
196 344
197 228
198 229
198 379
200 234
200 358
201 270
202 290
203 309
204 321
205 240
205 349
206 260
206 288
207 307
207 391
208 255
210 261
211 263
214 242
214 357
215 252
216 398
217 253
219 385
223 381
224 383
225 399
226 386
228 243
228 258
228 278
228 372
228 373
228 379
229 298
230 307
230 395
232 371
233 372
235 315
236 372
236 386
237 264
237 329
238 336
239 297
242 279
242 378
243 326
243 334
244 290
245 288
248 258
249 286
250 362
252 261
252 269
253 358
256 305
257 310
259 315
261 280
261 296
262 278
264 289
265 362
266 369
267 354
268 325
269 297
269 316
271 275
271 347
274 388
276 392
277 315
282 306
283 314
284 363
285 321
286 317
287 357
288 387
290 387
291 319
293 331
299 313
300 304
301 370
302 368
305 375
308 363
314 344
315 356
318 364
320 372
322 367
324 333
326 394
332 364
341 384
348 369
353 399
356 365
358 362
358 390
368 396
371 389
372 388
380 399
392 399
395 399
