400 459
0 200
0 268
1 130
1 220
1 376
1 384
2 179
3 130
4 308
5 89
5 288
5 393
6 36
6 319
6 322
6 330
7 85
7 264
7 310
8 90
8 106
9 51
9 198
9 354
10 17
10 42
10 46
10 83
10 88
10 213
10 230
10 308
10 397
11 58
12 232
12 397
13 104
13 289
14 130
14 186
15 152
16 183
16 316
17 73
18 104
19 313
19 358
20 280
21 118
21 157
21 204
22 166
22 308
22 322
22 399
23 74
24 42
25 186
26 64
27 103
27 110
27 139
27 154
28 133
28 164
28 263
29 33
29 325
30 216
30 308
30 350
30 390
31 308
31 320
32 313
34 35
34 204
34 378
35 127
35 212
36 148
36 209
36 338
37 96
37 175
37 288
37 315
38 114
38 180
38 185
38 201
38 232
38 337
39 81
39 105
39 283
40 124
40 157
40 257
41 180
41 282
43 163
43 199
43 387
44 202
45 263
45 297
45 328
46 278
46 320
46 370
47 196
47 374
48 92
48 229
49 146
49 291
50 121
51 183
51 261
51 308
51 348
52 80
52 177
52 220
53 95
54 175
55 113
55 322
56 240
57 370
58 141
59 125
59 161
60 67
60 200
60 242
61 247
61 288
61 297
62 85
62 196
63 151
63 286
63 343
64 135
64 145
64 297
64 364
64 368
65 278
66 358
67 141
67 187
67 253
68 161
69 102
70 201
70 241
71 157
71 161
71 325
71 392
71 399
72 379
74 116
74 286
75 332
76 162
76 342
76 381
76 395
77 120
77 121
77 154
77 253
77 258
78 268
79 144
79 268
82 176
83 295
83 394
84 325
85 126
85 143
85 202
86 353
87 279
87 349
88 104
88 197
88 273
90 346
90 354
91 342
93 157
93 282
93 287
93 295
94 305
94 385
95 114
95 168
95 195
96 294
97 151
98 103
99 305
100 251
100 304
101 322
102 186
102 199
102 289
104 334
105 270
105 334
105 335
106 242
106 292
107 245
108 144
108 329
109 238
109 297
110 112
110 375
111 176
112 137
112 360
114 312
115 196
115 221
116 117
116 355
116 371
118 140
118 180
119 132
119 169
119 337
120 174
121 305
121 318
122 258
122 262
123 227
124 367
125 212
126 141
128 136
129 312
130 138
130 231
130 302
131 367
134 238
135 270
136 364
137 376
137 386
137 389
140 399
141 266
142 199
142 299
143 319
143 335
144 171
145 153
146 371
147 303
149 153
149 245
150 172
150 251
152 202
152 249
152 267
154 223
154 281
155 242
156 250
157 207
157 224
158 184
158 234
159 236
159 252
159 289
160 332
162 248
162 267
165 340
167 256
167 272
167 299
167 391
168 172
168 255
168 259
169 372
170 258
170 335
173 395
175 187
175 364
176 282
178 241
178 363
179 242
179 331
179 399
180 298
181 192
182 288
184 189
184 220
184 292
185 289
186 215
186 333
188 195
189 350
190 232
190 275
191 314
192 325
193 207
193 258
193 307
193 308
194 231
196 364
197 340
198 276
199 399
201 285
202 385
203 345
203 356
204 296
205 226
205 398
205 399
206 271
208 292
210 279
210 392
211 223
211 361
213 284
214 246
214 336
214 337
217 342
218 395
219 311
220 337
222 247
225 230
225 277
226 247
226 285
226 309
226 335
227 271
228 283
229 260
229 382
229 387
233 289
235 239
235 364
236 303
237 360
238 308
239 243
240 241
242 254
244 268
245 311
245 386
246 332
247 259
248 314
249 251
249 263
249 356
249 357
249 395
250 311
251 352
252 290
252 365
254 336
258 268
260 288
260 355
261 265
263 271
263 321
266 395
268 353
269 322
270 300
271 301
271 363
272 280
272 358
274 342
277 391
278 370
280 342
282 372
283 351
287 299
288 337
288 398
293 325
294 359
297 373
297 377
297 379
301 388
303 312
306 327
308 311
308 364
308 380
308 395
309 338
310 366
312 323
312 399
317 355
321 362
322 382
323 329
324 394
326 390
327 392
329 396
331 350
339 373
341 365
342 369
344 347
344 391
350 387
351 395
358 382
359 395
361 374
367 395
381 394
383 399
387 399
