400 459
0 240
0 287
0 366
1 32
1 108
1 301
2 127
2 307
3 174
4 44
4 113
4 336
5 12
5 88
5 230
5 248
5 262
5 276
5 286
5 300
6 39
6 246
7 24
7 54
7 167
7 293
8 109
8 198
9 344
10 134
10 157
11 58
11 121
11 187
11 256
11 298
11 303
12 33
12 46
12 93
12 98
12 130
12 174
12 188
13 32
13 97
13 137
14 103
14 304
15 26
15 223
15 380
16 115
16 173
16 312
16 385
17 24
18 92
18 393
19 32
19 47
19 219
20 94
21 169
21 193
21 287
22 40
22 82
22 99
22 111
22 114
23 139
23 200
23 231
23 260
23 264
23 383
24 34
24 325
25 314
25 326
26 65
26 77
27 214
27 275
28 255
28 369
29 36
29 89
30 317
31 208
32 180
32 328
32 331
32 374
33 138
33 196
33 212
33 234
34 35
34 40
34 322
34 371
35 80
37 392
38 145
38 249
38 331
38 389
39 60
39 93
39 186
39 350
41 129
41 270
42 124
43 300
44 173
44 271
44 308
45 236
48 180
48 267
49 132
49 288
49 381
50 191
51 109
51 115
51 306
52 114
52 225
53 369
54 93
54 346
55 58
55 70
55 202
56 130
57 169
57 361
58 178
59 289
60 288
61 318
62 235
63 254
63 298
64 335
65 272
66 360
67 193
67 367
68 366
69 99
69 233
71 265
71 322
72 160
73 75
74 383
75 105
75 252
75 282
76 258
76 270
77 174
77 281
77 344
78 95
79 309
81 161
81 315
81 324
83 318
84 192
84 285
85 174
85 209
86 120
86 328
86 329
86 358
86 399
87 163
88 116
89 247
89 280
90 159
91 149
91 152
91 154
91 294
93 123
93 353
93 399
94 190
94 350
95 150
95 162
95 362
96 262
97 106
97 399
98 172
100 329
101 289
101 309
102 184
103 106
104 187
105 176
105 177
105 271
106 266
106 360
106 375
107 257
108 142
109 135
110 187
110 272
111 170
111 184
111 335
111 373
112 316
113 218
113 318
113 354
115 232
117 319
118 163
119 177
119 284
122 123
122 189
123 216
123 370
124 241
125 130
125 161
125 363
126 174
126 379
127 200
127 257
127 342
128 208
129 221
129 352
130 367
130 393
131 173
132 175
132 254
132 261
132 348
132 351
133 186
133 302
133 356
133 392
134 265
134 288
134 316
134 368
135 164
135 195
135 205
135 293
135 310
135 352
136 211
136 248
139 396
140 197
140 238
140 287
140 381
141 260
141 384
142 377
143 326
144 176
144 222
146 288
147 242
147 383
148 338
151 204
152 235
152 387
152 399
153 221
155 276
156 392
157 343
158 179
158 296
159 176
159 217
159 236
159 369
160 226
162 300
162 391
163 253
163 353
164 313
165 334
166 340
166 396
168 263
168 276
169 383
170 260
170 349
171 177
171 325
173 388
174 345
176 273
176 316
177 229
178 345
179 287
179 397
180 197
180 214
180 339
181 286
181 386
181 399
182 359
183 330
183 333
185 221
187 398
190 245
190 246
191 206
191 283
192 281
192 317
193 289
194 237
194 238
194 290
197 273
197 359
197 394
198 225
198 248
198 350
199 230
200 278
201 276
202 392
203 291
203 292
203 386
204 262
204 330
206 225
207 265
207 298
208 352
210 249
212 373
213 264
214 334
215 236
217 283
218 359
219 247
220 387
222 318
224 262
225 355
225 377
226 251
226 311
226 342
227 254
228 311
229 327
231 241
231 297
232 372
234 247
234 280
234 385
237 399
239 354
241 277
241 329
241 337
243 366
244 348
245 372
248 388
250 347
253 386
257 344
257 359
258 327
259 309
260 341
264 326
265 382
268 301
268 320
269 343
271 399
272 279
274 299
274 392
279 298
279 321
282 376
284 357
285 288
285 298
285 301
285 342
285 353
285 383
287 386
289 392
291 378
292 393
295 399
298 366
301 348
302 343
305 360
311 393
315 399
316 347
317 357
318 320
319 354
320 330
323 399
325 376
330 393
332 348
335 338
335 352
335 353
337 356
340 383
343 399
348 395
357 383
364 374
365 372
383 390
