400 459
0 230
1 228
2 75
2 350
3 43
4 31
4 140
5 189
5 311
6 223
7 17
7 266
7 352
7 361
7 370
8 347
9 273
9 351
10 82
10 239
11 133
11 300
11 307
12 77
12 90
12 155
12 156
12 215
12 252
12 300
12 342
13 354
14 141
14 266
15 106
16 137
16 271
17 44
17 134
17 382
18 46
18 167
18 188
19 60
19 74
19 194
19 219
19 220
19 226
19 312
19 379
19 389
19 393
20 306
20 385
21 84
21 381
21 393
22 119
22 199
22 215
22 297
23 48
23 155
24 129
24 360
25 138
25 263
26 108
26 159
26 234
26 378
27 41
27 149
27 329
27 335
28 87
28 158
28 164
29 224
30 243
31 40
31 139
31 283
31 397
32 142
33 216
33 316
34 109
34 165
34 290
34 294
35 50
35 75
35 160
35 239
35 379
36 114
36 169
36 378
37 243
37 316
38 352
39 97
40 122
40 136
40 158
40 273
40 328
41 62
41 89
41 90
41 104
41 287
42 228
43 222
45 152
45 261
45 321
45 348
45 379
46 234
47 292
47 357
48 368
49 324
50 317
51 159
52 281
53 358
54 294
54 379
55 103
55 372
56 237
56 368
57 398
58 236
59 182
60 141
61 81
61 143
61 195
62 305
62 313
62 337
63 99
63 338
64 141
65 111
65 399
66 144
67 160
67 289
68 91
68 147
68 317
69 133
70 268
71 378
72 378
73 398
74 151
74 174
74 180
74 246
74 326
75 84
76 218
76 394
77 337
78 165
78 353
79 247
80 99
81 119
82 327
83 94
85 248
85 270
86 374
87 366
88 99
88 164
88 192
88 219
88 223
88 282
89 98
89 107
89 142
89 279
91 294
92 112
92 145
93 129
93 136
93 200
93 269
94 281
95 211
96 154
96 225
96 248
96 388
97 122
97 132
97 170
97 353
98 150
99 260
100 277
100 316
101 219
101 254
101 299
102 163
102 392
103 151
103 231
104 300
105 267
106 117
106 267
107 127
107 148
108 321
108 347
109 153
109 188
110 174
110 195
110 276
112 170
113 324
115 206
116 153
116 380
117 298
118 161
118 223
119 209
120 279
120 339
121 149
121 334
122 125
122 234
122 346
123 124
124 351
125 269
126 145
126 296
126 377
128 375
128 389
130 312
131 350
134 248
134 395
135 156
136 359
137 195
138 307
139 146
139 253
141 198
144 157
144 234
144 310
144 383
147 291
148 228
149 186
150 155
150 230
151 191
151 262
152 289
153 178
153 308
153 341
156 162
156 168
156 344
156 349
157 164
158 229
159 272
160 304
161 258
164 200
166 304
168 293
168 342
171 398
172 245
173 319
175 316
176 293
177 180
179 267
179 306
180 213
180 214
180 215
181 196
182 227
182 326
183 309
184 207
184 299
185 279
187 234
189 222
189 233
189 341
190 223
190 329
190 369
193 282
193 322
194 326
195 243
195 343
196 380
197 356
198 252
200 284
201 333
202 259
202 318
203 213
203 303
203 395
204 218
205 242
206 319
208 352
210 355
210 366
211 224
212 343
213 235
213 313
215 340
215 394
216 285
217 327
217 383
218 226
219 236
219 238
219 374
220 222
220 234
220 399
221 225
222 275
223 373
224 348
225 233
225 302
225 363
228 245
229 280
229 291
230 267
230 312
232 239
234 253
234 256
234 324
234 338
235 250
235 316
236 319
237 271
239 242
239 384
240 256
241 371
243 259
243 274
243 375
244 371
245 324
247 302
248 331
248 332
248 390
249 358
251 390
253 255
253 376
255 387
256 295
257 263
257 300
257 361
259 336
262 357
262 362
263 392
264 323
265 270
265 286
265 298
266 298
266 314
268 281
271 353
271 355
271 389
272 288
272 391
276 371
276 382
278 290
281 288
281 395
285 310
290 337
292 396
295 345
295 367
296 397
297 315
298 300
298 325
298 364
298 375
299 347
300 398
300 399
301 341
303 356
304 325
309 348
309 354
310 358
310 396
312 320
321 368
321 386
323 354
330 348
333 383
334 352
336 354
338 365
340 369
344 366
348 380
356 375
357 361
368 376
376 386
