400 459
0 125
0 237
1 176
2 96
2 118
2 170
2 384
2 399
3 144
4 210
5 32
5 194
5 351
6 311
7 241
7 250
8 62
8 217
8 381
9 271
10 140
10 388
10 395
11 25
11 95
11 259
11 361
12 195
12 255
13 392
14 128
14 136
14 227
14 254
14 399
15 79
15 126
15 221
16 210
17 378
18 135
19 26
19 61
19 83
19 330
20 185
20 245
20 294
20 372
21 254
22 217
22 309
23 51
24 71
26 191
26 217
26 258
27 309
27 398
28 59
28 218
28 243
28 277
29 118
29 153
30 50
30 63
31 164
33 140
33 162
33 195
33 306
34 52
34 106
34 141
34 195
35 261
36 124
36 322
37 60
37 267
37 376
38 179
38 327
38 341
39 304
39 365
40 42
40 231
40 232
41 145
42 90
42 226
43 87
43 140
43 173
44 238
44 262
44 344
45 150
46 184
46 227
47 166
47 354
48 146
48 157
49 61
49 183
49 200
49 266
50 164
50 235
51 310
52 121
53 287
53 399
54 159
55 395
56 94
56 183
56 197
56 243
56 270
57 158
57 314
58 295
58 361
59 105
59 216
59 364
60 150
60 318
61 152
61 201
61 212
61 251
63 395
64 120
65 79
65 103
66 250
67 197
67 212
67 225
68 72
68 360
69 370
69 397
70 84
70 103
70 175
71 89
71 208
71 269
72 184
73 266
73 324
74 220
74 363
75 208
75 216
76 173
77 91
77 383
78 157
78 232
78 317
79 92
79 211
79 301
79 339
79 399
80 160
81 166
81 225
82 104
82 186
83 192
85 96
86 304
86 391
87 299
87 392
88 281
88 287
89 395
92 223
93 286
97 136
97 225
98 356
99 315
100 104
101 362
102 233
103 286
103 361
104 131
104 209
105 307
106 183
106 202
106 234
106 363
107 146
108 170
108 244
108 275
108 305
109 252
110 161
111 210
112 185
112 222
112 338
113 251
113 311
114 217
115 175
115 297
116 303
117 147
117 375
117 386
117 398
118 131
118 356
119 243
120 214
120 282
120 364
121 268
122 304
123 142
123 276
123 340
123 343
125 197
126 346
127 163
127 212
128 129
128 233
130 229
130 246
132 173
132 210
133 293
134 197
134 288
135 148
135 293
135 324
135 327
135 364
136 218
136 239
136 390
137 182
138 224
139 258
139 370
139 389
141 158
141 175
141 281
141 355
141 362
143 233
143 283
144 157
144 168
144 281
144 395
145 252
149 366
150 257
151 281
152 160
152 274
153 310
153 321
154 342
155 225
155 272
155 394
156 224
156 294
157 242
158 353
159 326
160 393
161 191
161 346
164 212
164 231
164 391
165 329
167 328
168 174
168 332
169 266
170 288
170 296
170 300
171 309
171 359
172 283
172 323
173 308
175 212
175 329
175 399
176 252
176 292
177 199
177 241
178 281
179 385
180 395
181 241
181 320
181 399
182 378
183 252
183 395
184 254
186 266
186 337
187 355
188 255
188 285
189 396
190 332
193 197
195 347
196 250
198 351
201 219
201 354
201 390
202 361
203 348
203 354
204 358
205 225
205 376
206 386
207 250
209 216
210 326
211 367
212 294
213 266
213 383
214 269
215 266
216 345
216 360
218 265
220 378
223 328
224 273
224 357
225 262
227 312
228 265
230 345
231 263
236 292
237 379
238 356
240 362
242 349
245 362
246 304
246 362
247 271
248 381
249 286
249 296
250 355
252 300
252 312
252 333
252 350
253 315
253 384
256 305
260 303
261 285
261 352
261 399
262 306
264 298
264 376
266 271
267 346
268 356
270 366
270 368
271 278
272 331
274 299
277 335
279 308
279 309
279 318
280 286
280 334
283 364
283 378
284 293
284 387
285 358
286 291
286 322
287 339
288 377
289 397
290 378
294 380
295 382
298 346
299 332
302 322
302 369
303 362
306 325
307 336
308 329
308 343
309 329
311 314
313 333
314 355
315 329
315 346
315 363
315 373
315 374
316 379
319 320
322 333
326 351
326 354
329 397
330 335
330 396
330 398
331 365
338 376
340 371
342 346
342 388
353 368
355 373
364 399
366 398
