400 459
0 112
0 195
1 43
1 81
1 282
1 310
2 145
2 266
3 207
4 24
4 85
4 110
4 129
4 221
4 222
4 226
4 253
4 272
4 287
4 347
4 354
5 29
5 133
5 253
5 265
5 399
6 70
6 202
6 239
7 146
8 294
8 369
9 155
10 103
10 147
10 327
11 142
11 183
12 56
12 132
13 212
13 377
14 67
14 188
15 24
16 173
16 207
16 301
16 329
17 108
18 268
19 240
20 346
21 95
21 214
21 290
22 31
22 227
22 346
22 391
23 128
23 346
24 68
24 162
24 192
24 225
24 349
25 184
26 59
26 375
27 160
27 225
28 254
29 65
30 139
31 310
32 155
32 373
33 294
34 187
34 192
34 197
35 130
35 355
36 39
36 158
37 112
37 394
38 95
38 105
39 206
39 207
39 255
39 264
40 169
40 204
40 305
40 384
41 123
41 125
42 216
43 195
43 248
43 251
43 298
43 323
43 386
44 363
45 294
46 104
47 222
48 202
49 317
50 387
51 291
51 348
52 363
53 94
53 341
54 103
54 341
55 300
56 257
56 286
57 249
57 324
58 73
58 115
58 130
58 374
58 390
59 347
60 123
61 212
62 201
63 337
64 125
64 168
64 329
66 314
67 135
67 277
68 335
68 394
69 95
69 178
69 215
71 121
71 365
71 371
72 230
73 140
73 333
74 76
74 161
74 223
74 366
75 97
75 148
75 208
75 293
75 366
77 172
77 184
78 91
78 157
78 159
79 88
80 181
81 180
81 210
81 281
81 311
82 258
83 165
84 356
85 126
85 229
86 284
86 298
86 306
86 327
87 191
87 280
88 186
88 265
88 329
89 298
90 189
91 247
92 207
92 283
93 296
94 108
94 216
95 118
95 193
95 241
95 293
96 321
97 144
97 149
98 269
99 395
100 168
101 207
102 264
103 194
103 266
103 271
104 235
106 246
106 369
106 386
106 387
107 207
107 220
107 233
108 251
109 117
109 318
109 353
111 164
111 291
111 375
112 119
113 181
113 268
113 399
114 158
114 167
114 176
114 296
114 364
116 315
116 327
117 307
117 351
117 352
118 360
119 240
119 260
119 292
119 302
120 253
121 130
121 183
121 225
121 251
121 292
121 321
121 375
121 399
122 201
122 278
124 130
125 207
125 314
125 316
126 165
126 241
126 308
127 257
127 398
128 191
129 267
129 330
130 230
130 332
131 146
131 204
131 337
134 248
136 302
137 179
138 225
138 347
139 230
139 313
140 299
141 232
141 337
143 268
145 267
145 357
146 258
146 383
146 399
148 344
149 225
150 185
151 199
152 195
152 271
153 387
154 314
154 399
155 252
156 259
157 392
159 252
161 243
161 256
161 295
162 194
162 212
163 208
164 283
166 201
166 361
168 219
168 223
169 240
170 299
171 351
174 188
175 291
176 259
176 393
177 373
177 382
179 351
181 196
181 222
182 310
183 288
183 290
184 196
184 294
184 379
185 254
185 397
186 230
187 196
188 189
189 292
190 257
191 295
192 211
192 215
192 256
195 217
197 234
197 319
197 343
197 396
198 268
198 295
199 256
200 306
201 280
202 293
203 293
204 276
204 351
204 359
205 356
205 367
206 238
206 338
207 235
207 340
207 373
208 275
209 263
209 385
210 215
213 219
216 345
216 372
217 381
218 277
218 386
222 232
222 345
224 332
225 320
225 351
228 233
230 285
230 321
231 248
231 297
231 312
232 339
232 388
233 338
235 236
236 377
237 248
237 273
242 271
244 367
245 360
246 333
247 327
248 382
249 306
250 259
250 351
251 261
251 366
254 336
254 399
255 269
255 280
255 346
261 313
261 317
261 342
262 388
263 356
265 346
266 350
266 385
266 399
268 289
269 294
270 365
273 327
274 399
279 280
279 342
279 375
279 392
286 386
287 371
292 353
292 362
298 356
299 363
300 354
302 389
303 381
304 392
306 329
309 325
309 337
310 376
311 328
316 358
322 370
325 393
326 379
327 361
329 378
331 373
333 338
333 392
334 394
340 370
342 380
358 363
361 381
368 385
373 386
373 399
386 392
395 399
