400 459
0 194
0 381
1 12
1 41
2 201
2 277
3 261
3 274
4 11
4 58
4 317
5 91
5 190
6 256
7 92
7 190
8 266
9 194
10 222
10 395
11 184
11 366
12 109
12 212
13 70
13 112
13 293
13 326
14 16
14 52
15 200
16 104
16 107
16 129
16 285
17 40
17 106
17 171
17 184
17 252
17 297
18 206
18 342
19 185
19 246
19 324
20 93
21 171
21 303
22 194
23 32
23 290
23 364
24 120
24 297
24 383
25 186
26 77
26 232
26 344
26 372
27 236
28 77
29 304
29 358
30 44
30 188
30 276
31 243
32 118
33 199
33 296
34 324
35 217
36 171
37 76
37 309
38 150
39 256
41 54
41 186
41 345
42 102
42 111
42 226
43 67
43 133
43 190
43 285
44 69
44 219
44 398
45 167
45 187
46 190
46 367
46 394
47 210
47 283
48 205
48 262
48 275
48 392
49 272
49 312
50 88
50 151
50 230
51 205
51 270
51 299
52 238
53 100
53 188
53 225
53 268
53 285
53 399
54 148
54 154
54 170
54 195
54 302
55 271
56 215
56 233
56 246
56 280
57 278
58 126
58 149
58 244
58 279
59 172
59 225
60 70
60 193
60 198
61 343
62 396
63 306
64 144
64 335
65 155
66 94
66 360
66 395
68 202
68 239
69 100
71 300
72 221
72 262
73 300
73 373
74 269
75 146
75 151
75 258
75 367
76 218
77 127
77 139
77 230
77 259
77 292
78 328
78 386
79 111
80 269
81 176
82 93
82 104
83 107
83 277
84 140
84 268
85 92
86 143
87 194
89 269
90 139
92 116
92 127
93 244
95 396
96 311
97 375
98 337
99 309
100 217
100 259
100 269
100 390
101 257
102 115
103 300
105 252
105 265
107 330
107 382
108 332
109 372
110 184
110 263
110 378
112 219
112 362
113 198
114 177
115 188
115 288
115 322
117 134
117 300
118 200
119 189
120 370
121 278
122 176
122 252
122 303
123 308
123 332
124 127
125 203
127 279
128 150
129 274
130 311
131 372
132 206
133 178
133 224
133 337
134 269
135 337
136 257
136 315
137 375
138 178
138 322
138 340
139 285
139 348
141 285
142 256
143 163
143 170
143 171
143 319
144 204
144 338
145 180
145 190
146 207
146 230
146 261
146 324
147 269
147 326
148 194
148 311
150 360
151 199
152 255
152 390
153 209
154 264
155 160
155 239
155 277
155 362
156 157
157 340
158 233
159 177
159 214
159 274
159 376
161 280
162 351
162 391
164 182
164 274
164 360
164 372
165 203
165 386
166 301
167 245
168 388
169 359
170 249
171 228
171 243
171 288
171 389
172 269
172 284
173 284
174 211
174 281
174 333
175 375
179 237
179 250
181 184
182 213
182 331
182 352
182 383
183 195
185 346
185 377
187 278
187 280
187 299
188 209
188 234
188 362
189 247
189 258
189 295
190 235
190 278
191 256
191 305
192 250
192 320
196 303
197 352
198 355
200 217
200 222
202 292
202 388
203 278
205 284
205 301
205 318
206 256
207 269
208 319
211 321
213 334
213 384
215 365
216 238
216 286
216 342
216 385
217 221
217 244
217 359
218 276
220 246
221 356
223 266
224 358
227 236
228 395
229 257
230 236
230 313
231 338
232 341
234 265
234 347
235 266
237 362
239 353
240 277
241 246
242 280
243 283
245 333
246 309
246 312
248 391
251 360
252 392
253 393
254 338
256 372
256 396
258 297
259 369
260 388
261 280
262 305
262 354
265 298
266 277
266 329
266 361
267 344
268 269
271 317
271 360
272 399
273 323
273 395
275 315
278 358
279 350
281 323
281 372
282 357
283 374
283 380
285 304
286 300
286 306
286 312
287 362
287 368
287 379
288 343
289 378
290 318
290 393
291 390
294 372
295 327
300 325
302 325
306 370
307 352
308 310
308 391
311 312
311 338
311 351
312 340
312 349
312 363
312 367
312 399
314 395
315 390
316 322
317 399
318 336
319 371
320 367
339 395
340 397
342 387
351 380
357 391
359 392
367 375
372 399
373 377
375 393
378 392
386 389
388 393
