400 459
0 125
0 188
1 245
1 364
2 138
3 301
4 22
4 372
5 338
6 173
7 88
7 168
7 173
8 258
8 296
8 358
9 372
10 111
10 132
10 169
11 285
12 246
13 350
13 399
14 92
15 68
15 249
15 297
15 397
16 23
16 43
16 301
16 379
17 127
17 218
17 320
18 23
18 221
19 27
19 230
20 41
20 43
20 144
20 238
21 230
22 166
22 318
23 36
23 114
23 324
24 102
24 184
24 393
25 219
26 151
28 38
28 41
28 121
29 398
30 123
30 130
30 212
31 115
31 148
32 137
33 241
33 377
34 78
34 191
35 64
35 130
36 58
36 250
36 257
36 263
36 325
37 364
38 159
38 376
39 214
39 293
39 362
40 278
40 391
41 181
41 214
41 270
41 357
42 117
43 122
44 114
45 247
46 146
46 338
47 123
47 190
47 206
48 220
49 140
49 201
49 311
50 114
51 188
51 382
51 387
52 125
52 214
52 300
53 83
53 202
53 328
53 370
54 136
54 228
54 292
55 96
55 312
55 334
55 384
56 273
57 332
58 108
58 296
58 361
59 219
59 267
59 290
60 271
61 222
62 190
63 236
63 319
64 204
64 338
65 203
66 227
66 363
66 394
67 328
69 189
69 222
69 256
69 355
70 162
71 93
71 246
71 247
71 274
71 289
71 363
72 388
73 77
73 94
73 175
73 365
74 102
75 320
76 345
77 92
79 111
80 281
81 84
81 107
81 261
81 398
82 128
82 313
82 395
84 87
84 216
84 222
85 179
85 196
85 338
86 313
86 376
87 340
88 109
88 330
88 356
88 399
89 387
90 306
91 99
91 225
92 123
92 392
93 121
93 155
93 203
94 266
94 268
95 241
95 318
96 331
96 386
96 399
97 385
98 380
100 242
101 137
102 152
103 137
103 246
103 283
103 359
104 212
105 116
105 182
106 232
107 275
108 170
108 308
109 298
109 347
110 132
111 143
111 243
112 166
112 247
113 288
114 124
115 234
115 248
115 304
115 367
116 202
116 208
116 222
116 306
117 377
118 205
118 362
119 152
120 153
120 157
120 178
120 193
120 245
120 347
121 152
121 269
121 291
122 194
122 276
123 149
123 222
124 126
124 156
124 288
124 329
125 280
126 191
126 270
126 338
126 367
126 375
126 381
126 399
127 286
127 309
128 343
128 383
129 252
129 372
131 250
131 345
133 154
133 250
134 249
134 253
134 287
134 292
134 317
135 306
136 163
137 151
137 160
138 202
139 321
141 264
141 270
142 377
144 285
144 304
145 176
145 246
146 152
147 254
147 377
148 179
148 250
149 394
150 242
150 296
151 200
152 207
153 159
153 321
153 339
153 372
154 187
154 207
155 330
155 359
156 211
158 379
159 196
161 264
162 205
163 256
164 299
165 220
165 224
167 181
168 372
169 172
169 292
169 360
171 208
171 218
172 310
173 387
174 273
174 357
175 183
175 278
176 215
176 302
176 352
177 263
177 295
177 351
180 209
180 361
182 247
182 315
184 224
185 241
185 307
186 392
187 223
189 262
190 191
191 255
192 341
195 289
196 261
196 321
197 297
197 332
198 394
199 307
205 263
208 212
208 367
210 349
211 311
211 323
213 385
216 218
216 343
216 345
216 399
217 272
218 240
219 232
221 378
222 226
222 267
222 271
222 378
222 391
224 244
225 263
226 301
226 359
229 296
229 327
230 235
230 279
230 319
231 399
232 366
233 364
236 321
237 364
239 379
240 373
241 388
244 271
246 335
246 380
246 389
250 396
251 367
253 259
254 315
255 280
256 326
256 336
257 282
257 369
258 378
260 391
263 292
263 338
264 295
264 316
265 371
267 274
267 284
271 297
272 288
272 309
274 278
274 338
274 382
275 313
277 339
278 303
280 360
281 375
282 361
282 399
294 362
295 389
297 299
298 354
305 394
306 314
309 394
311 380
317 344
319 399
321 353
321 399
322 362
328 333
328 381
330 378
337 381
337 387
339 345
341 394
342 375
342 385
345 384
345 388
346 366
348 382
349 389
357 390
359 368
364 380
369 384
371 377
371 399
372 374
