600 671
0 86
0 431
1 345
1 560
2 398
3 9
4 27
5 319
5 336
5 515
6 21
6 412
6 413
6 500
6 559
7 39
7 108
7 241
8 253
8 257
8 427
8 459
9 408
10 398
11 375
12 362
12 569
13 189
13 199
13 239
13 294
13 373
13 558
14 62
14 184
14 503
15 39
15 194
15 578
16 258
16 338
16 461
17 99
17 372
18 197
18 366
18 387
19 524
20 77
20 80
20 133
21 312
22 504
22 546
23 559
24 85
24 378
24 424
25 219
25 408
25 431
25 451
26 538
26 572
27 431
28 68
28 398
28 412
29 599
30 353
30 368
31 70
31 149
31 232
32 412
32 417
33 89
34 84
34 316
35 220
35 375
36 246
37 266
37 269
37 403
38 146
38 217
38 321
38 331
38 408
38 520
38 546
39 128
39 317
39 365
39 494
40 336
41 111
41 141
41 344
41 496
42 196
42 536
43 73
43 397
44 395
44 454
44 472
45 290
45 343
46 193
46 400
46 594
47 417
48 509
49 127
49 261
50 336
51 533
52 122
53 555
53 584
54 104
54 307
54 366
54 420
55 101
55 310
55 560
56 303
56 481
57 115
57 555
58 457
59 547
60 150
60 367
61 413
61 555
62 71
63 316
63 483
64 112
65 125
66 517
67 122
67 371
67 480
67 568
67 580
68 485
69 85
69 440
69 528
70 161
72 489
72 559
72 589
73 157
74 262
74 267
74 295
74 476
75 134
75 338
75 437
75 445
76 272
76 330
77 390
78 393
79 278
81 206
81 276
81 408
81 415
82 424
83 125
84 131
84 249
85 214
85 502
87 468
87 564
87 575
88 496
89 459
90 437
91 102
91 328
92 585
93 264
93 416
94 166
94 284
94 566
95 160
95 221
95 223
95 408
95 459
96 371
97 287
97 572
98 149
98 468
99 455
100 219
100 238
102 127
102 177
102 262
102 367
103 222
103 541
103 577
105 412
105 490
105 575
106 354
106 385
106 407
107 504
108 233
108 414
109 343
110 134
112 412
112 508
113 479
113 572
114 279
116 304
116 393
116 495
117 141
117 186
118 403
119 227
120 215
120 265
120 355
120 553
121 344
122 138
122 139
123 332
124 392
124 576
125 412
126 337
127 180
127 183
127 235
127 467
127 598
128 337
129 340
130 147
131 316
132 350
132 446
133 219
134 555
135 533
136 376
137 265
138 277
138 479
140 330
140 473
140 581
141 263
141 527
141 556
142 403
143 162
144 578
145 383
145 510
146 429
146 491
147 174
147 184
148 184
148 228
148 556
149 224
151 179
152 555
153 418
154 260
154 312
155 490
156 294
157 304
157 419
158 443
159 358
160 241
161 162
162 238
162 335
162 529
163 262
163 543
164 412
165 301
165 395
166 198
167 478
168 186
168 261
168 353
169 216
170 321
170 463
171 491
172 189
172 497
173 434
173 572
174 340
175 484
175 528
176 221
176 244
176 251
177 297
178 522
179 285
179 290
179 350
181 527
182 235
183 225
183 266
183 378
183 585
184 330
184 439
185 304
185 310
185 486
185 512
185 599
187 537
187 568
188 488
188 545
189 549
190 388
190 572
190 579
191 235
191 357
192 512
195 322
196 384
197 429
198 363
199 525
200 399
200 411
200 592
201 250
201 392
202 227
202 258
203 298
203 430
204 351
204 374
204 498
205 244
205 315
206 220
207 384
207 481
207 565
208 246
208 371
208 381
209 280
209 372
209 572
210 413
210 458
211 228
212 369
213 339
213 362
215 394
215 410
215 560
216 470
216 516
216 522
216 539
218 233
218 394
218 526
218 595
220 262
220 311
221 336
221 389
221 492
221 495
222 527
223 330
223 533
224 527
224 534
226 256
227 236
227 305
227 312
228 465
229 302
229 559
230 543
230 582
231 377
232 537
234 386
237 547
238 494
240 552
241 361
242 341
243 275
243 366
245 378
247 269
248 453
248 457
249 558
250 262
250 377
250 468
252 387
254 294
255 499
255 541
256 334
256 335
256 487
259 597
262 488
262 553
264 303
264 550
266 507
267 403
267 444
268 357
270 317
270 421
271 279
272 528
273 318
273 323
273 466
274 524
276 537
276 548
277 377
278 316
278 553
278 583
279 324
279 540
279 584
280 282
281 491
282 529
283 487
285 342
286 558
286 572
288 533
289 525
290 404
290 588
291 433
291 512
292 592
293 471
295 383
295 573
296 451
298 310
298 329
298 591
299 405
299 483
300 305
301 530
303 324
305 352
305 455
305 482
306 337
308 563
309 431
310 373
310 592
312 369
312 374
312 464
312 494
313 470
314 396
316 377
317 501
317 554
318 558
320 509
321 322
321 357
321 475
321 595
323 375
323 386
323 568
324 378
324 408
324 587
325 523
325 542
326 417
327 492
329 425
331 362
331 523
332 333
332 397
333 443
333 476
334 595
335 447
335 464
339 443
341 522
344 544
344 581
345 381
346 447
347 406
348 364
348 440
349 491
353 360
353 537
354 468
355 401
356 565
358 522
359 477
359 574
361 523
363 431
364 412
364 521
366 459
367 515
369 376
369 564
370 452
370 454
370 537
373 554
378 550
378 563
379 500
380 512
382 494
382 509
383 449
383 532
384 491
384 574
385 446
385 575
390 406
390 418
391 585
396 491
401 506
402 495
406 530
408 412
408 465
408 519
408 578
409 563
411 485
411 511
412 586
415 457
415 517
415 557
419 570
421 531
422 465
423 540
426 481
428 441
432 598
435 565
436 542
437 547
438 448
438 575
441 458
442 505
446 499
446 501
446 530
450 574
451 567
452 506
456 479
457 542
458 466
459 470
460 531
461 469
461 554
462 547
464 528
465 566
468 569
471 568
474 535
477 491
478 547
486 492
488 594
489 505
491 539
493 575
495 590
504 598
509 512
513 529
514 553
515 593
517 534
517 561
518 579
519 547
524 592
527 562
527 578
529 558
535 555
551 572
552 557
553 568
553 572
558 568
565 566
569 578
571 588
572 594
572 599
578 599
592 597
596 597
