600 671
0 385
1 47
1 118
1 575
2 353
3 194
3 288
4 119
4 135
4 235
4 581
5 318
5 599
6 483
7 121
7 404
8 202
8 357
9 115
10 128
11 536
12 309
12 327
12 532
12 571
13 122
13 433
14 227
14 290
14 382
15 179
15 200
15 228
16 136
16 597
17 380
18 62
18 426
19 438
20 498
20 562
21 358
22 114
22 420
22 429
22 538
23 439
24 81
24 186
24 205
25 261
25 310
26 98
27 354
28 53
29 45
30 153
30 162
30 163
30 408
31 511
32 131
32 210
32 495
32 499
32 555
33 357
33 514
34 79
34 536
35 166
35 448
36 61
37 41
37 83
38 140
38 312
38 364
38 563
39 333
40 217
42 308
43 216
43 271
43 522
44 309
44 424
45 366
46 400
46 457
46 477
46 516
47 68
47 306
48 217
48 279
48 289
48 531
49 186
49 257
49 300
50 138
50 559
51 60
51 573
52 425
53 210
54 128
54 207
54 381
54 561
55 540
56 349
57 367
57 543
57 573
58 108
59 194
59 227
59 274
59 592
60 233
61 246
61 357
61 421
61 427
61 459
61 474
61 489
61 536
62 536
63 231
64 85
64 209
64 228
64 239
64 299
64 589
65 310
65 393
66 485
67 104
67 454
69 328
69 362
69 434
69 493
70 502
70 586
71 206
71 215
71 519
72 127
72 412
73 145
73 218
73 252
73 340
74 167
75 217
75 430
76 205
76 341
77 276
77 284
77 348
78 201
78 340
78 586
80 134
82 568
83 475
83 557
83 577
84 491
85 129
85 297
86 103
87 134
87 574
88 489
89 482
90 485
90 524
91 117
92 254
93 255
94 214
94 224
94 370
95 304
95 313
95 478
96 364
97 471
98 393
99 401
99 511
99 599
100 521
101 133
101 374
101 376
101 593
102 211
102 334
103 305
103 436
104 320
104 368
105 503
106 153
106 187
106 317
106 573
107 148
107 406
108 134
108 255
108 272
108 326
108 399
108 466
108 532
109 195
110 277
110 489
111 503
111 504
112 418
112 455
112 598
113 407
114 353
114 564
115 203
116 277
116 304
116 360
116 567
116 591
117 312
117 500
118 593
119 248
120 559
121 202
121 211
121 553
122 181
122 220
122 291
123 406
124 366
125 482
126 153
126 237
126 268
126 400
127 394
127 403
127 465
127 506
127 586
128 272
129 241
130 180
130 329
130 483
130 521
132 466
133 238
133 529
135 355
135 426
135 431
135 455
135 472
135 518
135 597
136 466
137 294
137 335
139 227
141 262
141 369
141 507
142 258
142 503
143 164
144 314
144 444
145 406
146 580
147 416
149 167
149 551
150 398
150 462
151 215
152 429
153 228
153 248
153 360
154 486
154 527
155 473
156 560
157 178
157 309
158 207
159 260
159 565
159 570
160 376
161 218
161 249
162 514
164 514
165 189
166 302
166 562
167 326
167 395
167 586
168 205
169 573
170 198
170 354
171 352
171 528
172 192
172 563
173 250
173 424
173 448
174 502
175 310
176 355
177 427
178 262
179 331
179 370
182 323
183 196
184 436
185 462
186 379
186 475
186 581
187 510
187 595
188 441
189 306
189 350
189 577
190 424
190 499
190 585
191 236
191 295
191 489
193 500
193 559
195 436
195 470
196 328
196 416
197 431
198 333
198 480
199 586
200 325
202 439
203 362
204 536
206 273
206 508
207 391
208 326
210 468
210 518
211 215
211 301
211 509
211 524
212 267
212 425
213 269
213 503
213 587
214 405
215 433
215 441
215 497
215 533
216 218
216 371
217 277
217 386
217 491
217 526
218 562
219 228
219 240
220 322
220 524
221 278
221 389
221 514
222 331
223 336
223 396
225 400
226 419
228 357
228 521
228 570
228 599
229 318
230 562
231 587
232 244
232 516
233 529
234 318
237 301
238 572
239 365
239 590
242 306
243 552
244 450
245 360
246 406
247 428
251 562
253 277
253 283
253 359
253 492
254 527
255 460
255 504
256 292
256 579
257 440
257 512
257 552
257 570
259 454
261 266
262 371
263 428
263 540
264 413
264 549
265 420
268 584
270 504
271 440
272 448
272 505
273 466
274 372
274 466
274 531
275 289
276 321
276 326
276 544
277 432
277 436
277 568
277 582
278 408
279 344
280 550
281 510
282 312
285 369
285 482
285 529
286 290
287 458
287 459
289 326
289 406
289 503
292 466
292 489
293 451
294 314
294 339
294 350
296 439
296 542
297 362
298 546
298 562
302 496
303 354
303 521
304 307
304 308
306 352
307 548
308 384
308 523
310 443
311 459
311 490
312 346
312 415
312 586
315 577
316 318
316 377
316 525
319 411
323 560
323 587
324 459
326 333
326 441
327 585
328 419
328 539
330 579
332 573
334 378
334 400
336 588
337 495
338 583
339 397
339 486
340 473
341 491
342 533
343 501
345 449
345 502
345 513
347 592
349 560
350 407
350 446
350 562
350 566
351 357
351 596
352 387
352 428
356 440
357 484
358 566
361 592
362 529
362 540
363 399
363 409
364 532
366 392
366 397
366 510
367 479
370 556
371 573
373 453
373 517
375 502
380 436
383 423
384 470
384 503
384 518
384 586
385 570
388 499
390 482
391 517
392 520
393 560
402 486
404 593
406 447
406 560
407 441
409 458
410 424
410 580
411 466
413 491
413 546
414 527
417 565
420 500
420 529
422 500
423 472
425 494
425 598
426 470
426 558
432 476
435 580
436 450
436 529
436 599
437 562
438 440
441 599
442 479
443 488
444 521
445 462
445 573
450 586
451 470
452 465
454 599
455 474
456 471
457 519
459 530
461 568
463 499
464 502
467 509
469 545
471 599
473 541
474 501
475 487
479 592
481 527
486 530
492 545
493 569
502 583
502 598
505 573
507 539
510 586
514 544
515 551
516 553
517 554
518 585
519 530
519 576
522 591
523 544
530 531
530 594
532 550
534 541
535 592
536 579
537 556
540 547
541 547
542 545
553 558
562 587
565 578
568 580
573 577
574 586
588 599
