600 671
0 157
0 190
0 252
0 330
0 386
0 469
0 527
0 551
1 59
1 288
1 357
1 367
2 11
3 60
3 298
3 424
4 175
5 25
5 104
5 163
5 417
6 150
7 122
8 130
8 552
9 247
9 294
10 57
10 295
11 33
11 97
11 599
12 76
12 423
13 206
13 570
14 18
14 135
14 350
14 461
15 209
15 233
16 61
16 220
16 514
17 114
17 155
19 107
19 474
20 204
20 277
20 303
20 514
21 387
22 180
23 111
23 363
24 423
24 451
26 107
26 473
27 222
28 40
28 182
29 233
30 92
31 592
32 290
34 438
35 340
35 382
35 413
36 146
37 166
37 188
38 107
39 324
39 599
40 555
41 88
41 140
42 445
43 97
44 82
44 221
45 49
45 136
45 272
45 408
45 588
46 169
46 527
47 58
47 250
48 105
49 222
49 276
49 427
49 448
49 473
50 85
50 205
50 435
50 510
51 375
51 442
51 516
51 553
52 348
52 534
53 143
53 435
54 238
54 548
55 62
56 171
56 229
56 233
56 345
56 398
56 551
57 190
57 431
59 433
59 500
60 74
60 425
60 453
60 597
61 396
62 510
63 359
63 397
64 206
64 394
65 73
65 82
65 271
65 351
65 512
65 534
66 110
67 75
68 87
68 199
68 214
68 579
69 305
70 377
70 394
71 88
71 124
71 503
72 126
72 255
72 504
73 102
74 299
75 100
75 401
75 557
76 382
76 574
77 212
78 105
78 395
79 424
80 519
81 503
81 576
82 93
83 266
83 479
84 264
84 327
84 476
85 165
85 488
86 124
87 297
87 545
89 574
90 502
91 143
92 233
93 121
93 273
94 429
94 562
95 141
95 370
96 482
97 337
97 362
97 529
98 564
99 166
99 182
99 285
99 424
99 475
99 539
100 145
100 256
100 590
101 137
101 516
101 522
102 549
103 300
103 466
103 523
104 260
104 380
104 467
104 519
105 356
106 276
108 391
109 193
110 210
110 226
111 209
111 360
112 281
112 417
113 128
113 290
113 413
114 512
115 207
116 541
117 390
117 574
118 128
118 391
118 500
119 542
120 180
122 155
122 356
122 436
122 575
123 157
125 428
126 468
127 293
127 308
127 544
127 583
128 358
128 494
129 527
130 583
131 402
131 585
132 212
133 165
134 275
134 351
135 233
135 272
136 347
136 499
136 503
138 284
138 444
139 272
139 390
139 502
139 567
139 589
141 148
141 212
141 511
142 216
142 290
142 398
143 478
144 272
144 587
145 211
145 473
146 560
147 501
148 188
149 404
150 183
150 285
150 399
150 537
150 561
151 276
151 326
151 391
151 518
152 181
153 282
153 526
154 159
156 452
156 547
156 599
157 260
157 382
157 496
157 532
158 220
159 272
159 467
160 445
160 599
161 496
162 243
164 175
164 192
164 223
165 414
166 497
167 187
167 256
168 495
168 547
169 180
169 191
169 371
169 543
170 355
170 449
170 506
172 462
172 490
173 512
174 587
175 293
175 438
175 450
176 485
177 255
177 405
178 490
178 584
179 419
180 242
180 376
180 446
181 267
181 382
181 428
183 226
183 272
183 555
184 430
185 474
186 444
187 422
187 473
187 524
189 247
190 482
193 378
194 310
194 485
195 319
195 444
195 564
195 598
196 282
197 319
198 283
199 393
200 397
201 596
202 290
203 272
204 508
205 388
206 342
207 332
207 430
207 435
208 521
209 233
209 455
211 295
211 321
211 514
212 271
212 572
213 453
214 416
214 512
215 224
216 402
216 580
217 503
218 558
219 466
220 224
220 252
220 309
221 536
222 415
223 407
224 343
225 264
225 294
225 375
225 381
225 539
226 518
227 493
227 539
228 238
229 426
229 566
230 266
230 289
230 519
230 559
231 415
232 351
233 343
234 599
235 524
236 506
237 296
237 569
238 270
238 404
238 441
238 470
239 293
239 307
240 298
240 331
240 483
240 595
241 374
241 460
241 577
241 587
242 292
242 329
242 486
243 295
244 491
245 354
246 333
246 502
247 452
247 544
248 365
248 453
248 506
249 295
250 373
250 471
250 592
251 434
252 384
252 426
253 345
253 533
254 464
254 467
255 378
257 533
258 582
259 598
260 272
260 440
260 592
261 544
262 307
263 586
265 295
266 578
267 325
268 552
269 366
269 518
271 535
271 540
271 571
272 599
274 573
274 594
275 278
278 310
279 478
280 549
282 372
282 597
283 552
285 573
286 586
287 457
289 383
290 546
291 377
293 500
296 517
296 532
297 522
298 305
298 382
300 345
300 513
301 499
301 528
302 592
303 314
304 503
306 374
306 394
311 427
311 570
312 501
313 339
314 491
315 357
316 486
316 568
317 322
317 345
318 364
318 440
318 556
318 581
320 409
320 570
321 593
323 449
324 560
325 579
328 412
330 397
332 370
333 521
334 406
334 599
335 432
335 574
336 430
338 440
339 384
340 542
340 570
341 347
343 421
344 429
345 480
346 410
347 411
347 507
349 426
350 520
351 524
351 599
352 508
353 452
354 435
356 454
356 475
356 506
356 515
356 586
357 450
357 599
361 563
361 568
362 436
363 498
363 514
364 490
364 587
365 501
368 450
369 414
369 479
371 594
372 543
372 586
373 411
373 461
374 583
375 442
376 546
377 565
378 412
378 482
378 512
379 384
384 465
384 559
385 386
387 398
389 519
390 472
391 433
392 420
392 448
394 439
397 437
397 594
398 563
400 531
402 425
402 443
403 457
404 570
405 578
408 457
410 514
410 560
411 538
412 492
412 596
413 419
414 534
415 466
418 451
419 564
420 489
420 594
423 476
427 451
428 444
429 594
434 437
434 554
435 442
435 519
438 472
445 524
446 484
446 499
447 586
449 506
455 565
456 593
457 512
458 476
458 509
459 470
462 487
463 581
464 485
466 477
467 530
470 506
475 505
475 514
477 525
481 549
482 518
483 582
495 524
496 558
499 502
504 568
506 599
508 516
516 550
526 592
531 586
533 534
541 566
557 591
583 599
