600 671
0 9
0 88
0 399
0 562
1 43
1 388
2 475
3 186
4 559
5 51
5 341
5 378
5 446
6 70
6 167
6 176
6 206
6 273
7 578
8 520
9 291
10 126
10 438
11 337
11 345
12 317
12 334
13 276
13 394
14 572
15 50
15 293
15 328
15 537
16 125
16 290
16 367
16 400
17 175
18 430
18 574
19 229
19 402
19 469
20 430
21 272
22 73
22 124
22 419
22 526
23 142
23 218
23 406
24 129
25 56
25 207
26 50
26 56
26 401
27 50
27 544
28 276
29 246
30 211
31 136
31 488
32 99
33 357
34 320
35 535
36 464
36 537
37 429
38 455
39 208
39 557
40 118
41 546
42 443
42 464
44 128
44 396
44 399
44 427
44 495
45 377
46 131
46 219
46 373
47 158
47 569
48 285
48 502
49 409
49 542
50 186
50 187
50 297
50 550
50 599
51 423
52 407
52 579
53 101
53 488
53 571
53 575
54 124
55 401
56 153
56 322
57 297
57 313
57 336
57 416
57 488
57 543
57 579
58 148
59 334
60 550
61 163
61 266
62 237
63 119
63 352
64 232
64 496
65 109
65 155
66 165
66 228
66 536
67 548
67 577
68 146
68 422
68 490
69 238
69 272
71 184
71 445
72 434
74 114
74 221
74 488
74 589
75 108
75 382
75 444
75 489
76 270
76 298
77 275
77 533
78 161
78 555
79 334
79 384
80 281
80 320
80 354
80 484
80 569
81 95
82 189
82 359
83 186
83 216
83 412
84 353
84 569
85 561
86 379
86 512
87 271
89 201
90 485
90 532
91 269
91 272
92 234
93 448
94 428
95 476
95 481
95 517
95 552
95 553
95 582
96 143
96 535
97 565
98 322
99 490
100 341
100 456
100 535
101 185
101 527
101 566
102 219
102 338
103 168
103 222
103 477
104 160
105 162
105 262
105 356
105 428
105 429
106 168
107 122
107 137
107 206
107 314
108 550
109 236
109 259
109 539
110 287
111 379
111 442
112 287
112 595
113 206
113 209
114 357
114 401
115 369
115 416
115 477
116 253
117 243
117 581
118 179
118 264
119 214
120 256
120 550
121 415
121 564
121 579
123 307
124 162
124 196
125 214
126 178
126 355
126 448
127 208
127 595
129 561
129 574
130 257
131 403
131 525
132 182
133 169
133 195
134 206
134 353
134 355
135 373
135 399
136 309
136 311
136 462
137 150
137 283
138 238
139 170
139 319
139 509
140 428
141 160
141 229
142 497
142 513
143 215
144 483
144 505
145 247
145 434
146 458
147 210
147 550
148 208
148 490
149 306
149 506
151 235
151 320
152 416
152 465
152 554
153 190
153 342
154 373
154 465
154 534
156 163
156 505
157 308
157 333
159 509
162 288
162 302
162 550
164 168
164 399
165 391
165 478
166 169
169 238
169 321
169 366
169 443
171 250
171 530
172 484
173 189
173 317
174 345
175 447
177 388
178 404
178 448
180 296
180 351
180 543
181 411
181 520
182 365
182 447
183 224
183 520
183 565
184 396
185 484
187 339
187 551
188 559
189 399
190 496
190 514
191 209
192 289
192 556
193 212
193 563
194 418
197 413
197 468
197 505
198 269
198 512
198 522
198 532
199 442
200 222
201 580
202 282
202 323
203 375
204 412
204 490
205 598
206 490
206 494
206 505
206 520
208 280
208 430
209 286
211 439
213 242
213 393
213 395
214 343
214 391
215 267
215 559
217 525
219 274
219 315
219 577
220 361
220 368
220 461
222 388
222 578
223 381
225 268
225 303
225 501
226 434
226 455
227 484
228 573
230 495
231 283
231 332
232 318
232 596
232 598
233 315
234 249
234 364
234 520
234 525
237 337
237 567
239 464
240 287
240 515
241 442
241 486
241 549
242 522
243 516
244 493
245 486
246 287
246 298
246 340
248 408
248 432
250 335
250 344
251 312
251 383
251 431
252 361
253 271
253 325
253 337
254 368
255 482
256 452
257 300
258 366
259 334
260 396
261 354
261 382
262 591
263 404
264 381
265 405
266 368
266 486
267 394
267 395
267 592
269 510
270 308
270 347
271 420
272 316
272 370
272 389
272 497
272 522
272 598
274 374
275 582
276 498
277 333
278 360
278 453
279 522
280 392
280 417
281 463
284 474
285 290
286 306
287 547
290 588
292 447
292 561
293 450
293 581
294 466
295 301
295 562
296 448
297 303
297 376
298 350
298 361
298 492
298 516
299 427
300 484
300 530
300 560
301 386
301 491
302 385
303 499
303 522
303 556
304 474
304 564
305 377
305 429
306 589
307 327
307 542
308 333
310 539
312 372
313 403
315 366
315 405
316 473
318 451
320 438
321 348
321 453
321 466
321 494
322 358
322 375
322 491
323 387
323 540
324 472
324 556
326 493
326 585
328 412
328 449
329 458
330 429
331 400
333 449
334 500
334 520
335 381
335 481
337 464
337 522
340 515
342 494
344 398
344 436
344 475
345 583
346 510
346 573
348 374
349 487
349 528
349 542
349 564
349 594
351 460
351 556
353 389
358 437
360 452
360 583
361 424
361 459
361 517
362 475
363 413
366 440
366 546
371 402
376 479
377 471
379 405
379 481
379 493
379 506
380 404
380 551
380 593
383 488
387 414
387 517
388 434
388 599
390 405
391 550
393 582
394 406
394 448
394 482
396 451
396 529
397 524
398 454
399 456
399 564
400 448
401 473
401 598
402 481
403 435
404 484
408 484
409 508
410 542
416 447
416 465
416 521
417 576
418 582
418 586
421 497
422 506
425 466
425 533
426 511
429 584
433 495
434 467
434 572
435 562
437 457
439 572
441 582
444 462
450 574
450 597
455 531
455 541
458 490
463 528
465 519
470 507
477 496
480 484
481 489
481 524
481 550
484 579
486 504
493 507
493 580
503 517
503 518
503 590
505 568
509 563
509 579
511 580
511 599
520 522
520 599
523 528
524 596
527 555
534 587
536 554
538 593
542 558
545 568
545 591
548 573
549 564
550 564
561 563
564 593
570 573
