600 671
0 159
0 501
1 467
2 62
2 479
3 410
3 420
4 135
4 151
5 158
5 169
6 476
6 531
7 513
8 162
9 69
10 108
10 129
11 16
11 45
11 538
12 117
12 513
13 495
14 266
14 456
15 30
15 86
15 260
15 432
15 444
16 111
16 254
17 96
18 599
19 590
20 97
20 131
20 452
21 349
22 115
23 583
24 253
24 397
25 467
26 57
26 323
26 511
27 143
28 29
28 394
28 463
30 133
31 336
32 308
32 572
33 46
33 151
34 332
35 72
36 228
37 197
37 350
38 419
39 92
39 120
39 136
39 178
39 454
40 300
41 206
41 468
42 58
42 201
42 466
43 102
44 460
44 580
45 141
45 200
45 219
45 245
45 260
46 161
46 290
47 578
48 412
49 387
49 439
50 142
50 496
51 321
51 557
52 576
53 249
53 435
54 109
55 136
55 576
56 213
56 228
56 282
56 286
56 401
56 451
57 563
59 104
60 189
60 291
60 299
61 340
62 213
63 497
64 149
65 89
65 145
65 197
65 556
66 109
67 366
68 80
68 250
68 465
69 153
69 174
69 248
69 407
70 493
70 561
70 565
71 486
72 406
72 433
73 264
74 599
75 337
75 390
75 595
76 92
76 214
76 229
76 280
77 499
77 549
78 321
79 122
79 496
80 209
81 106
81 171
81 356
81 509
82 144
82 416
83 283
83 389
83 425
83 441
84 87
84 391
84 394
85 193
85 456
86 233
88 572
89 532
90 238
90 251
90 451
91 155
91 200
91 437
92 109
92 400
92 599
93 597
94 442
95 116
95 471
96 201
96 227
96 257
96 435
97 111
97 339
98 255
98 348
98 362
98 433
98 561
98 567
99 498
99 592
100 469
100 578
101 212
101 475
102 270
103 467
104 263
105 260
107 386
108 514
109 410
109 586
110 308
111 185
111 230
111 512
112 250
113 153
113 384
114 288
114 314
115 225
116 358
116 400
116 460
116 480
117 303
118 597
119 434
121 247
123 201
124 304
125 474
125 509
126 266
127 522
128 154
128 396
128 533
129 243
129 406
130 314
130 403
130 515
130 598
131 215
131 267
131 366
131 464
131 498
131 541
132 411
132 575
134 563
135 378
135 443
135 508
135 583
136 411
137 157
137 169
137 312
137 434
137 462
137 497
137 591
138 147
138 388
139 149
140 282
141 547
142 317
143 306
143 377
143 473
144 496
145 578
146 248
147 376
148 261
148 383
149 156
149 204
150 514
151 417
151 500
152 217
152 579
153 218
153 294
153 433
154 238
154 368
154 379
154 441
156 275
157 205
157 315
157 400
158 159
159 268
159 332
159 381
159 446
159 573
159 596
159 599
160 343
160 374
160 387
161 296
161 505
161 544
162 567
163 233
163 442
164 537
165 265
165 321
166 366
167 479
168 311
169 430
169 596
170 353
170 524
171 287
171 434
171 466
172 412
173 421
173 525
174 177
174 489
174 599
175 467
176 200
176 338
176 463
177 590
179 299
180 196
181 256
181 520
182 501
183 428
184 378
186 221
186 281
187 433
187 521
188 518
189 344
189 370
189 392
189 424
189 513
189 546
190 284
190 387
190 486
191 264
191 433
192 252
192 357
193 376
193 425
194 211
194 533
195 273
196 567
198 444
199 448
199 558
200 502
201 402
202 591
203 395
203 405
205 240
205 277
206 470
207 232
207 382
207 457
207 467
208 257
208 439
209 352
209 377
209 424
210 394
211 483
212 451
213 359
213 431
213 549
214 422
215 487
216 281
217 238
217 314
217 559
220 517
222 224
223 433
224 388
224 490
225 522
226 237
226 482
226 506
227 503
227 509
228 274
228 571
231 261
232 233
232 551
233 365
233 414
233 437
234 428
234 458
235 389
236 238
236 275
236 384
236 465
236 528
237 312
237 325
238 266
238 362
239 250
239 333
240 587
241 462
242 480
243 354
244 311
246 267
247 301
247 369
248 447
249 500
250 430
250 491
251 310
251 446
252 289
252 311
252 387
252 412
252 459
252 596
253 340
253 396
255 387
255 588
257 327
257 376
257 568
258 526
259 280
260 347
260 376
260 467
261 384
261 522
261 523
262 553
263 547
263 564
265 286
266 574
267 413
267 419
269 423
270 467
271 349
272 369
273 385
276 490
277 545
278 389
279 559
279 587
280 366
280 409
280 515
281 346
282 583
285 596
286 319
286 590
289 526
289 531
292 408
293 322
293 399
295 517
297 531
297 577
298 380
298 468
298 527
300 568
302 376
303 323
304 561
305 591
307 572
308 316
309 510
311 346
311 351
311 393
312 496
313 320
313 468
315 468
315 562
316 400
317 469
317 474
318 459
318 518
319 467
321 496
322 430
323 502
323 530
324 361
324 429
326 452
328 593
328 598
329 436
330 336
330 473
331 351
334 479
335 398
336 363
336 567
338 450
338 555
339 367
340 496
341 378
342 419
345 362
345 370
345 490
346 403
346 500
346 540
347 555
348 479
348 518
348 550
349 366
349 369
349 371
349 517
350 366
351 364
352 507
353 448
355 503
357 423
358 370
358 554
359 505
360 514
360 528
360 548
361 572
361 573
362 468
362 599
366 427
366 506
366 552
368 485
368 535
369 486
369 552
371 386
372 425
373 502
375 528
376 585
376 599
377 399
383 599
384 385
384 569
385 388
385 541
385 553
385 560
393 438
395 484
395 599
397 444
397 520
398 550
399 579
404 409
406 530
406 566
408 576
408 593
408 596
410 553
411 599
412 421
412 488
415 554
418 515
419 428
425 450
426 448
427 522
427 533
430 494
432 461
433 477
433 545
436 585
438 510
440 516
445 451
448 596
449 491
450 544
451 558
453 462
455 523
456 516
458 501
462 492
462 534
464 582
466 504
469 531
472 520
472 595
474 528
475 498
478 515
481 541
483 561
490 543
492 589
495 538
496 572
497 577
501 539
503 516
506 537
518 569
519 531
528 595
529 569
536 538
536 554
538 559
538 594
542 547
543 556
545 584
547 574
567 597
570 583
581 585
