600 671
0 249
1 36
1 399
1 499
2 209
2 311
2 314
2 486
3 271
4 28
4 266
4 388
5 105
5 545
6 397
6 438
6 564
6 599
7 381
8 241
8 558
9 540
10 538
11 132
12 67
12 488
13 513
14 114
15 197
15 271
15 330
15 426
15 545
16 126
16 168
16 192
17 146
18 312
18 321
18 348
18 411
18 565
19 28
20 286
20 555
21 199
21 380
21 496
22 476
23 266
23 294
23 466
24 494
25 168
25 171
25 236
25 302
25 357
25 362
25 407
25 430
25 572
26 130
26 151
26 313
27 138
27 285
28 41
28 91
28 206
28 244
28 339
28 379
28 525
28 549
29 116
29 137
29 233
29 321
30 516
31 36
32 114
32 550
32 569
33 387
33 443
34 372
35 460
36 128
36 183
36 408
36 477
36 510
36 584
37 78
38 155
38 404
39 541
40 158
42 401
43 360
43 461
44 91
45 366
45 387
45 594
46 549
47 496
48 155
48 222
48 263
48 474
48 542
49 208
50 393
50 408
51 87
51 433
51 537
52 452
53 202
53 397
54 93
54 216
54 423
54 471
54 535
54 538
55 449
55 550
56 330
56 371
56 531
57 163
58 66
58 574
59 361
60 95
60 101
61 328
62 541
63 521
64 278
64 400
65 272
66 210
66 578
67 437
68 84
68 367
68 393
69 538
70 207
70 457
71 421
72 492
73 126
74 318
74 388
74 585
75 430
76 166
76 593
77 102
77 389
77 423
77 431
78 81
78 112
78 196
78 341
79 142
79 147
79 272
79 275
79 357
79 558
80 533
81 289
82 151
83 185
83 206
83 560
84 337
84 509
84 581
85 303
85 361
86 134
87 223
87 598
88 328
89 429
89 573
90 238
91 173
91 260
91 331
91 348
92 120
92 388
93 444
94 389
94 593
95 113
95 149
96 302
96 305
96 535
97 401
98 269
99 172
99 348
99 471
99 482
100 152
101 338
103 132
103 566
104 119
104 124
104 368
105 261
106 348
106 488
106 550
107 207
108 388
109 500
110 290
110 311
110 415
111 561
113 404
113 412
113 471
114 363
115 164
115 431
115 452
115 599
116 565
117 429
117 437
117 528
118 420
118 435
118 490
118 590
119 250
120 511
121 255
121 445
122 403
123 565
124 480
124 534
125 577
126 134
126 556
126 588
127 166
129 284
129 337
129 426
131 540
132 279
132 413
132 488
133 247
133 559
133 598
134 170
134 401
134 468
134 562
135 525
136 220
136 332
136 335
136 341
136 409
136 468
137 248
138 307
139 489
140 302
140 365
141 543
141 573
141 592
143 294
144 450
145 357
146 315
146 381
147 163
147 273
147 537
148 274
149 308
150 570
152 331
153 502
154 302
155 334
156 208
157 498
157 573
158 300
158 311
159 416
159 499
160 464
160 538
161 425
161 550
162 418
162 539
163 188
165 426
166 329
167 309
168 571
169 439
169 479
171 206
171 268
171 343
171 506
171 519
172 324
173 582
174 316
175 410
175 541
175 584
176 402
177 267
177 305
178 291
178 500
178 506
178 599
179 199
179 276
180 229
180 392
181 559
182 484
184 451
185 320
186 264
186 536
187 575
189 231
190 387
191 324
192 345
193 258
193 269
193 526
194 312
195 207
195 572
198 406
198 407
198 428
199 228
199 311
199 341
199 350
200 224
200 422
200 470
201 266
203 407
203 596
204 245
204 333
204 448
205 324
206 402
206 475
206 480
206 495
206 577
207 221
207 375
207 505
207 591
208 464
210 307
210 413
211 326
212 236
213 438
214 291
215 565
216 257
217 555
218 568
219 343
221 433
223 224
223 282
223 567
225 317
226 274
227 287
227 294
227 348
227 387
227 442
227 477
229 349
229 530
230 270
230 441
231 292
231 538
232 288
234 545
235 320
235 321
236 237
236 361
236 391
237 563
238 472
238 512
239 321
240 264
241 415
242 360
243 312
244 453
245 527
246 495
248 551
249 342
250 501
250 526
250 544
251 351
251 438
251 459
252 273
252 452
253 507
254 381
254 472
256 552
257 259
260 394
260 583
261 522
262 273
262 277
263 505
264 334
264 505
264 515
265 302
265 344
266 519
269 290
273 469
274 336
274 411
274 445
276 445
277 546
278 432
279 325
280 314
280 331
281 314
283 299
283 423
284 446
285 397
287 390
287 403
287 412
287 467
287 498
288 471
289 572
291 331
293 499
294 420
294 496
294 559
294 586
295 357
296 302
297 518
298 501
300 306
301 477
302 573
304 524
307 523
307 561
307 566
308 502
308 568
309 492
310 488
311 484
311 529
312 557
313 550
314 424
315 508
316 493
317 381
317 480
317 504
318 418
319 341
320 548
322 345
323 530
325 446
325 483
326 332
327 350
327 469
328 517
329 340
329 373
330 559
331 533
332 579
333 559
335 476
336 528
341 427
341 530
342 381
342 402
343 421
345 538
346 470
346 501
347 419
348 381
348 503
348 599
350 503
352 430
353 463
354 579
355 422
356 552
357 378
358 457
359 438
359 440
360 447
360 550
361 522
364 382
364 511
366 523
369 395
369 401
369 479
369 497
369 507
370 458
372 553
374 563
375 426
375 468
375 494
375 573
376 384
376 579
377 398
380 514
380 544
382 599
383 487
384 484
385 499
386 407
386 473
386 553
387 422
387 463
387 593
388 441
388 491
388 561
391 552
393 452
396 409
398 485
401 434
405 531
408 451
408 479
408 593
410 547
410 571
412 544
413 447
414 589
416 475
417 490
418 436
418 570
419 458
419 550
425 435
425 456
430 540
432 599
438 521
450 472
450 481
452 593
454 486
455 491
457 495
460 565
462 586
464 558
465 592
467 489
468 550
468 576
472 485
477 527
477 584
478 521
480 524
481 517
485 580
486 532
487 491
492 522
493 573
498 513
501 565
514 518
514 541
515 535
516 553
516 584
516 595
517 577
518 520
519 596
528 535
529 576
532 556
537 574
538 551
554 586
555 561
556 585
559 597
567 572
571 590
575 592
587 591
589 593
