600 671
0 347
1 26
2 65
2 117
2 355
2 383
2 575
3 45
3 438
4 501
5 47
5 171
5 184
5 237
5 320
6 275
6 287
7 344
7 592
8 9
9 60
9 73
9 237
9 354
9 370
9 389
9 454
9 534
10 526
11 456
12 437
13 326
13 563
14 493
15 279
15 295
15 338
15 455
15 481
15 482
16 277
17 199
17 324
17 538
18 58
18 331
19 436
20 178
20 224
20 242
20 382
20 426
20 492
20 534
20 599
21 560
22 62
22 426
22 551
23 513
24 182
24 285
24 492
25 168
25 199
26 179
27 189
27 366
28 54
29 32
29 211
29 267
29 424
30 415
30 488
31 490
33 68
34 224
35 49
35 407
36 232
37 530
37 596
38 193
39 55
39 136
39 271
40 182
41 214
41 233
41 312
41 575
42 234
43 272
44 75
46 128
46 181
46 196
47 139
47 156
47 288
47 561
47 592
48 428
48 535
49 197
50 96
50 192
51 118
51 210
52 567
52 576
53 63
53 208
53 229
53 587
54 436
56 229
57 550
57 554
58 363
58 416
58 517
59 273
59 594
61 84
63 305
64 86
64 370
66 237
67 558
68 365
68 471
69 500
70 84
70 227
71 95
71 233
71 256
71 506
71 519
72 379
73 200
74 155
75 207
75 245
75 412
75 432
75 455
76 156
77 193
78 103
78 323
79 87
79 170
79 218
79 337
79 341
80 165
80 334
81 260
81 282
81 338
82 189
82 301
83 108
83 259
83 310
83 435
84 111
84 182
84 299
85 130
85 418
88 93
89 492
90 130
90 204
91 192
91 460
92 98
93 372
93 475
93 481
94 261
94 270
95 251
95 338
96 263
96 291
96 307
97 168
98 143
99 106
100 512
101 158
101 378
102 244
102 534
103 251
103 371
103 513
104 414
104 419
104 499
104 584
105 129
105 186
105 297
105 469
105 477
106 382
106 564
107 338
107 441
108 272
109 369
109 599
110 187
111 250
111 266
112 167
113 325
113 462
113 516
114 339
114 438
114 468
115 243
115 444
116 299
118 121
118 209
118 300
118 358
118 441
119 493
119 495
120 246
120 338
122 177
122 274
122 550
123 144
123 248
123 510
124 208
125 232
125 262
125 436
126 566
127 373
130 140
131 401
131 458
132 338
133 526
134 389
135 266
136 234
136 394
137 139
137 586
138 403
140 164
140 211
140 496
141 175
141 324
142 228
142 259
142 581
143 340
144 155
144 534
145 442
146 590
147 567
148 271
149 356
150 438
150 494
150 597
151 383
151 519
152 181
153 229
153 299
153 420
154 267
156 246
156 480
156 555
157 172
159 262
160 292
160 409
160 540
161 191
161 342
162 167
162 233
163 266
164 331
164 541
165 415
165 584
166 317
166 423
167 243
168 180
169 235
170 397
170 431
171 209
171 210
171 335
171 345
171 431
171 545
172 539
173 395
174 296
174 530
176 224
176 236
176 241
176 333
176 484
177 347
177 515
177 542
178 373
178 471
179 192
179 532
179 592
181 373
181 396
182 263
183 526
183 569
183 570
184 537
185 423
187 599
188 206
188 457
188 591
189 391
190 524
193 235
193 346
193 546
193 573
194 459
195 308
195 423
195 472
195 508
195 539
195 544
196 332
197 435
197 483
197 503
197 578
198 236
200 538
201 463
202 552
202 598
203 231
205 369
208 399
209 254
209 281
209 342
209 420
209 556
210 340
211 467
212 236
212 516
213 374
213 402
213 469
213 477
214 315
215 220
215 269
216 329
216 376
217 241
217 466
217 510
218 310
218 325
219 440
219 531
221 440
222 584
223 483
224 379
224 589
225 318
226 262
226 497
227 314
229 340
229 385
229 559
230 373
230 471
231 446
232 471
233 243
233 435
233 446
233 560
233 599
234 487
235 435
235 459
235 523
238 490
238 502
238 541
239 436
240 310
240 436
241 284
241 473
243 531
243 559
244 440
244 511
245 549
247 503
248 277
248 576
249 505
251 395
252 257
253 374
254 598
255 512
255 562
256 403
256 496
256 509
257 513
258 531
259 364
260 282
260 514
262 455
262 485
263 519
263 576
264 269
264 560
265 484
266 357
267 529
268 398
268 557
269 491
269 527
269 589
270 363
271 398
272 380
272 496
273 376
273 463
273 587
274 294
275 303
275 353
276 289
276 576
278 331
279 444
280 458
280 512
280 599
283 589
285 476
286 378
286 506
287 598
289 312
290 589
291 384
292 433
292 575
293 426
294 474
297 582
298 302
300 322
300 528
301 406
301 469
301 470
302 392
303 588
304 398
306 327
306 585
307 490
309 346
309 495
310 510
311 411
312 381
312 548
312 582
313 466
313 593
316 330
317 433
317 461
318 410
318 465
318 524
319 426
320 393
321 386
323 489
324 407
324 443
325 566
326 386
326 403
326 586
328 471
330 556
333 538
334 516
336 588
338 342
338 469
338 571
339 551
340 442
340 465
341 466
342 390
342 466
343 516
344 543
347 420
347 568
348 413
348 518
349 359
349 463
349 517
350 382
351 477
352 537
356 449
356 566
357 361
357 545
359 472
360 531
361 405
361 458
362 592
364 448
367 429
367 455
368 465
368 504
369 554
371 581
375 445
375 531
377 473
377 576
379 423
379 565
381 486
382 533
383 498
386 416
386 536
387 423
388 560
389 472
392 426
393 594
394 423
398 465
400 414
401 443
404 561
408 559
409 504
409 594
411 578
412 507
413 439
415 447
417 476
417 522
421 442
422 436
422 532
424 525
425 439
425 476
426 566
427 501
430 474
431 521
434 503
435 452
435 464
435 490
436 484
437 530
438 501
438 560
438 590
439 489
446 577
446 585
450 464
451 479
453 569
455 456
455 518
455 583
456 579
457 560
460 592
463 515
477 498
478 540
479 592
483 533
489 574
489 575
493 589
496 569
499 500
505 526
506 539
506 595
508 535
508 566
509 572
510 556
515 530
515 534
515 584
515 588
517 534
520 544
529 558
536 580
540 575
542 586
547 586
553 566
582 583
592 599
