600 671
0 242
1 53
1 130
1 415
1 487
2 157
2 500
3 18
3 42
3 518
4 169
5 127
5 598
6 170
7 577
8 186
8 265
8 396
8 468
8 488
8 599
9 203
9 372
10 185
11 108
11 322
11 562
12 116
12 188
13 35
13 461
13 493
14 153
14 364
15 273
15 458
15 460
16 378
17 520
18 36
18 239
18 448
19 84
19 131
19 253
19 300
19 598
20 71
21 43
21 334
21 348
21 556
22 338
22 374
23 93
24 48
24 445
25 216
25 320
25 367
26 79
27 162
27 271
28 246
29 531
30 323
31 209
31 311
32 309
33 254
33 296
34 147
36 596
37 146
37 363
38 135
38 268
38 356
38 386
38 408
38 421
38 594
39 521
40 246
40 279
40 539
41 225
42 109
42 117
42 152
44 402
44 405
44 578
45 390
46 395
46 399
47 226
49 108
49 184
49 206
49 355
49 423
49 599
50 273
51 312
51 331
52 485
53 483
53 528
53 582
54 396
55 278
55 417
56 58
56 157
57 567
57 596
59 499
60 222
60 333
61 310
61 350
61 464
62 219
62 541
62 582
63 446
64 481
64 499
65 445
66 443
67 435
68 214
68 320
69 542
70 151
71 85
71 536
72 150
72 310
72 463
73 248
73 316
73 549
73 555
74 271
75 312
76 100
76 116
76 276
77 488
78 115
78 237
79 100
80 352
81 275
81 452
82 536
83 111
84 123
85 93
86 94
86 103
86 238
86 341
86 424
86 518
86 519
87 318
88 396
88 505
89 263
89 417
89 433
89 485
89 585
90 145
90 417
91 125
91 361
92 157
92 462
93 95
93 102
93 180
93 430
94 289
94 512
95 307
95 538
96 512
97 183
97 302
97 334
97 402
98 115
98 154
98 425
98 566
99 140
99 170
99 489
100 180
101 520
102 498
104 335
105 423
106 327
107 377
108 142
108 192
108 202
108 280
108 335
108 452
108 477
108 514
108 597
109 495
110 539
111 151
112 348
113 342
113 363
114 149
114 283
116 349
116 439
117 239
117 328
117 334
118 410
119 134
120 178
120 584
121 192
122 530
123 371
123 521
124 306
124 318
126 318
126 524
126 561
128 532
129 383
129 579
130 389
131 502
132 154
133 255
133 435
133 515
134 266
134 373
134 456
135 552
136 173
136 250
136 562
137 189
138 461
139 168
139 270
139 429
141 255
142 397
143 496
144 292
144 295
144 468
146 530
147 212
147 234
148 246
148 260
148 532
148 576
149 374
149 376
150 480
151 553
152 157
153 204
155 564
156 368
156 512
156 598
157 167
157 357
157 442
157 501
158 546
159 400
159 565
159 568
160 342
161 466
161 469
162 231
163 207
163 387
163 469
163 528
164 286
164 339
164 499
164 571
165 351
166 492
167 285
167 355
167 520
167 551
168 183
168 318
168 344
168 563
169 234
169 590
170 335
170 435
171 275
171 483
172 232
173 367
174 538
175 517
176 555
176 574
177 270
178 252
178 522
179 315
180 241
180 250
180 354
180 523
181 440
182 185
185 298
185 497
187 525
188 265
188 436
188 517
189 191
189 249
190 576
191 572
192 227
193 432
193 479
194 209
194 234
195 261
196 284
197 436
197 437
197 488
198 244
198 380
199 382
200 364
200 596
201 319
201 574
202 388
203 335
203 439
204 243
204 473
205 281
205 568
206 406
207 361
208 354
209 223
210 222
210 313
210 315
211 321
211 426
211 522
211 598
212 366
213 579
214 347
215 273
216 246
216 342
217 234
217 413
218 271
218 356
218 391
218 433
218 472
219 523
219 543
220 265
220 299
221 347
221 507
222 476
224 306
225 264
225 402
226 417
226 499
226 549
226 571
227 282
228 311
228 331
228 572
229 531
230 502
231 261
231 562
232 271
233 486
234 419
235 541
236 413
237 533
238 568
239 245
239 385
239 440
239 469
240 546
242 251
242 540
243 563
244 441
245 592
246 413
247 504
250 293
254 413
255 361
255 390
255 402
255 413
255 577
256 385
257 343
257 579
258 325
258 352
259 283
259 294
259 361
262 470
263 595
265 351
265 419
265 475
265 553
266 300
266 379
266 497
267 490
268 427
269 455
269 555
271 371
271 517
272 472
272 485
273 471
273 540
273 587
274 388
274 461
277 447
280 348
282 410
284 487
284 583
284 591
287 304
287 428
287 544
288 379
289 322
290 554
291 581
296 305
296 519
297 379
301 431
302 560
303 538
306 314
308 475
309 544
310 330
310 337
310 469
312 382
313 368
314 518
315 533
315 565
317 416
317 449
318 374
318 599
320 546
321 548
322 479
323 344
324 329
324 337
324 358
324 453
324 467
326 342
327 571
329 447
329 491
330 546
330 579
331 499
332 351
332 551
334 409
335 484
336 412
336 513
340 512
341 342
341 451
342 418
343 394
345 540
346 433
347 428
347 486
347 526
347 531
348 555
351 462
351 503
352 468
353 595
355 420
355 431
356 433
359 401
359 501
359 526
360 370
360 410
360 576
361 419
361 490
362 516
363 389
364 392
365 414
367 369
371 449
375 385
377 439
378 407
380 497
381 419
384 598
386 512
387 470
393 409
393 460
394 451
394 505
395 430
398 435
398 454
401 527
403 485
403 578
404 460
407 485
409 575
411 514
411 534
413 456
413 475
413 599
414 573
417 459
417 488
417 573
417 596
421 589
422 571
423 504
423 509
425 499
426 474
426 547
426 580
429 545
430 469
430 551
430 578
433 530
434 569
438 521
438 537
439 481
439 537
440 535
441 457
441 537
443 456
444 539
445 529
446 586
450 549
451 574
453 546
454 579
460 541
461 581
465 499
469 488
472 559
478 485
479 487
482 500
482 556
482 561
483 551
486 499
487 511
487 514
487 594
490 555
492 512
494 538
496 528
497 569
499 544
506 520
508 599
510 585
513 550
513 555
516 591
517 542
517 568
518 545
524 586
525 571
525 581
529 578
530 593
536 564
543 596
553 554
557 598
558 585
567 588
570 576
583 590
583 599
585 587
598 599
