600 671
0 89
0 331
0 531
1 53
1 524
2 72
2 476
3 76
3 580
4 81
4 148
4 215
4 220
4 458
4 571
5 27
5 489
6 103
7 196
7 433
8 403
9 23
9 73
9 95
9 98
9 230
9 355
9 510
9 525
10 193
10 342
11 21
11 448
12 302
12 435
12 496
13 216
13 586
14 105
14 410
15 49
15 422
15 461
15 529
15 579
15 586
16 578
17 35
17 290
17 366
18 226
19 254
19 314
20 355
21 385
21 480
22 344
23 460
23 537
24 172
24 392
25 245
26 262
27 141
27 503
27 560
28 482
28 565
29 271
29 411
30 151
30 247
31 42
32 197
33 117
34 78
34 162
34 245
34 508
34 568
35 209
35 308
35 494
36 303
37 191
37 420
38 240
38 277
39 92
40 232
40 337
41 363
41 582
42 142
42 371
43 366
43 475
44 235
45 60
45 98
45 593
46 61
47 429
47 578
48 478
49 125
50 391
50 568
50 575
51 117
51 406
51 481
52 147
52 150
52 201
52 334
52 381
52 545
54 487
55 224
56 451
57 74
57 241
57 284
57 384
57 525
57 555
58 91
58 281
59 415
60 85
60 125
61 64
61 224
62 74
62 303
62 353
62 486
63 256
65 103
65 487
66 98
66 165
67 161
67 285
67 290
67 483
68 306
69 381
70 180
71 201
74 166
74 462
75 98
75 116
75 204
75 322
76 347
77 126
77 404
79 586
80 341
81 188
81 493
81 599
82 277
82 309
82 511
82 572
83 303
83 348
83 450
84 212
86 165
86 242
86 329
86 338
86 340
86 499
87 482
88 266
89 596
90 451
90 599
91 284
92 351
92 586
93 156
93 226
93 541
94 258
94 533
95 157
95 209
95 436
95 573
96 440
96 497
97 198
98 213
98 235
98 290
98 489
98 562
99 470
100 506
101 133
101 364
102 243
102 565
103 130
103 299
103 425
103 475
104 105
105 117
105 118
106 324
106 357
106 525
107 247
107 313
107 452
107 497
107 568
108 404
109 121
109 298
109 413
110 318
110 351
110 418
111 124
111 175
111 337
111 444
111 525
112 215
113 449
113 520
114 562
115 343
116 257
116 319
116 398
116 456
116 540
117 189
117 198
117 478
117 532
118 260
119 228
120 479
122 194
123 499
123 592
124 231
124 547
125 558
127 575
128 198
128 326
128 443
128 576
129 143
129 494
130 177
131 242
131 441
132 425
133 300
133 392
134 135
134 339
136 312
137 240
137 333
137 559
138 232
138 524
138 569
139 218
140 363
142 189
143 398
144 441
145 430
145 563
146 335
146 598
148 354
149 170
150 245
151 373
152 306
152 514
153 410
154 509
155 301
155 423
156 172
156 238
156 333
158 211
158 250
159 224
160 202
163 199
163 428
164 299
165 522
166 169
167 501
168 221
170 534
171 432
172 202
172 523
173 229
173 583
174 347
174 424
175 327
176 350
176 351
178 222
178 451
179 466
179 548
180 437
180 446
180 478
180 599
181 264
182 241
183 515
184 597
185 341
185 344
185 376
186 256
186 408
187 548
188 383
189 210
189 367
189 414
189 561
189 578
190 253
191 355
192 443
193 228
193 478
194 215
194 293
194 352
194 525
195 569
196 455
197 203
197 356
197 395
198 255
198 263
198 336
198 459
199 343
199 479
199 587
200 278
201 226
201 228
201 243
201 256
201 552
201 556
201 599
202 358
203 504
204 275
204 450
205 440
206 353
206 414
207 533
208 339
210 512
211 282
212 429
212 502
213 374
213 423
214 485
215 317
217 586
218 265
219 417
220 282
220 422
221 228
221 369
223 420
223 486
224 378
225 266
225 352
225 486
226 373
226 434
227 251
227 300
228 594
230 332
230 544
231 361
232 375
233 243
233 293
234 248
234 453
234 469
235 280
235 304
236 476
237 411
239 357
239 477
239 483
241 404
242 476
243 454
244 264
245 368
245 570
246 597
249 302
249 394
252 551
253 302
253 492
254 464
254 551
256 494
256 590
258 299
259 313
261 539
262 424
262 452
264 281
264 577
265 499
265 588
266 585
267 305
267 513
268 300
268 386
269 346
269 372
269 451
270 524
271 518
271 548
272 316
273 525
274 354
275 499
276 409
276 586
277 421
277 533
277 543
277 548
277 599
278 445
279 515
280 500
281 325
281 429
283 400
283 426
283 445
283 507
283 599
285 438
286 479
287 347
287 359
288 412
289 388
291 408
292 314
294 312
294 591
295 381
295 578
296 381
297 361
297 483
300 451
300 539
301 490
301 497
301 499
301 518
301 559
301 595
301 599
302 387
302 413
302 515
302 542
303 343
305 390
305 392
305 400
306 339
306 484
306 543
307 442
307 499
310 448
310 546
311 354
311 518
312 435
312 498
313 528
314 364
314 365
314 384
314 525
315 331
316 401
317 397
320 495
321 488
323 443
327 333
328 341
330 381
331 401
331 586
333 367
333 378
333 470
339 341
341 350
341 525
342 470
342 587
343 542
344 466
345 475
347 542
349 482
353 504
354 391
354 425
354 474
354 499
360 387
360 423
362 586
363 470
364 516
367 391
367 395
370 510
376 519
377 483
378 506
379 516
380 492
381 402
381 430
381 440
381 453
382 596
388 497
389 576
390 557
393 549
394 535
395 442
396 547
399 563
400 526
401 553
403 405
403 485
403 501
403 510
406 415
407 573
408 549
410 508
410 510
411 494
412 423
413 443
413 463
414 498
416 517
417 451
419 452
423 552
425 554
425 581
427 469
429 491
429 586
429 596
431 588
432 540
433 527
435 459
435 473
435 509
439 484
441 491
443 471
447 536
447 541
448 495
451 575
455 525
457 551
462 566
464 501
465 505
467 494
468 487
468 510
470 586
471 549
472 567
472 571
474 518
474 584
477 530
477 556
478 520
478 597
482 552
488 496
491 538
494 505
494 583
496 574
496 586
496 599
499 524
499 546
501 550
509 521
517 549
520 539
524 560
525 564
525 599
534 544
536 553
544 565
549 551
555 591
556 598
589 590
