600 671
0 357
0 377
0 594
1 364
2 318
3 32
4 334
5 294
5 374
5 419
5 481
6 71
6 213
6 233
6 557
7 75
7 391
7 530
7 572
8 193
8 424
9 12
9 108
9 129
9 238
9 284
9 442
9 504
9 531
9 599
10 101
10 146
10 378
11 293
11 333
12 204
12 320
12 463
12 590
12 595
13 42
13 91
13 95
13 129
14 320
15 94
16 230
17 87
17 126
17 562
18 47
18 195
19 293
20 125
20 145
21 532
22 69
22 70
23 118
23 212
24 69
25 186
25 230
25 375
25 427
26 108
26 166
26 221
26 264
26 307
26 361
27 318
28 477
29 425
30 237
30 356
31 487
32 353
32 512
33 67
33 435
34 273
35 50
36 574
37 580
38 227
38 326
39 93
39 155
39 351
39 392
39 547
40 439
41 504
42 188
43 422
44 361
44 453
44 516
45 464
45 537
46 408
46 439
46 496
47 248
47 529
48 570
49 152
50 233
50 479
50 566
51 453
52 100
52 536
53 135
54 254
54 498
54 499
55 157
55 332
55 350
55 441
56 129
56 423
57 262
57 303
58 240
58 418
59 167
60 141
60 501
61 171
61 442
61 470
62 527
63 141
63 551
64 133
64 209
64 437
65 118
65 563
66 506
67 280
68 112
68 425
69 504
70 220
71 73
71 525
72 483
72 485
74 112
74 524
76 260
76 423
76 495
76 564
77 422
78 85
79 93
80 84
80 199
81 277
82 478
83 536
84 179
84 586
85 114
85 272
85 326
85 399
86 569
87 441
88 356
89 93
90 235
90 327
90 329
91 103
92 353
92 372
93 544
94 462
94 530
95 262
95 431
96 134
96 390
97 98
97 335
99 168
99 174
99 185
99 285
99 407
99 503
99 596
100 570
102 380
102 546
104 132
104 187
104 228
105 160
105 435
106 281
106 438
107 113
107 317
107 519
108 193
108 233
108 454
109 192
109 264
109 412
109 433
110 481
110 573
111 231
112 268
113 130
113 285
113 286
113 328
113 331
113 348
113 364
114 178
114 420
114 593
115 332
116 285
116 304
117 219
117 467
118 269
118 526
119 132
120 349
120 546
121 345
122 442
123 372
124 420
125 374
125 563
127 419
128 338
128 352
129 149
129 176
129 270
129 414
129 484
129 532
131 320
132 532
133 482
134 159
134 349
134 440
134 442
135 203
135 277
135 577
136 146
137 429
138 383
138 527
139 497
140 166
140 429
141 156
142 304
143 358
144 205
145 314
146 167
146 208
146 278
146 535
147 283
147 404
148 296
148 498
149 248
149 255
150 205
151 179
151 223
151 271
152 198
153 260
153 346
153 478
154 397
158 259
159 250
159 275
159 276
160 476
161 228
161 281
161 463
161 496
161 527
162 344
163 441
164 248
165 273
165 575
166 546
169 181
169 441
169 562
170 205
170 578
172 426
172 437
173 574
175 263
176 271
176 597
177 411
179 307
179 574
180 451
180 455
182 419
183 268
184 282
187 199
187 567
188 536
189 285
190 279
191 276
191 290
193 452
194 280
195 526
196 422
197 407
198 535
200 314
200 394
201 213
201 240
202 244
202 357
202 599
205 206
205 307
205 587
206 449
207 412
207 500
208 226
208 238
208 259
208 395
208 549
209 561
209 568
210 391
211 299
213 586
214 585
215 599
216 585
217 380
218 246
218 523
220 346
222 418
222 585
224 285
224 349
224 448
225 324
225 443
228 329
228 354
228 477
229 344
230 306
230 472
230 513
231 327
232 483
233 381
233 417
234 247
236 280
238 342
238 371
239 468
240 256
241 468
241 589
242 328
242 411
242 501
243 301
245 274
245 309
245 446
245 554
246 263
246 322
246 361
246 439
246 474
246 482
247 330
247 347
247 468
248 409
248 478
248 496
248 528
249 516
251 407
252 395
253 403
254 568
255 359
256 425
257 537
257 569
258 436
260 272
260 273
260 302
260 324
260 351
260 361
260 385
260 416
260 499
260 571
261 371
263 475
264 368
264 576
265 543
266 367
266 448
267 563
268 502
269 580
272 403
272 404
272 417
272 536
273 290
273 341
273 488
274 407
275 373
277 347
277 588
278 328
279 381
280 306
281 312
282 444
282 532
284 448
284 461
285 293
285 465
285 471
285 548
285 599
286 489
286 491
286 514
287 291
287 297
288 357
289 290
292 565
295 428
295 461
296 471
296 539
297 441
298 333
299 563
300 495
300 511
301 308
301 323
301 540
302 563
303 517
305 492
305 557
306 484
307 530
307 543
307 591
308 328
310 387
311 442
313 345
314 595
315 464
315 495
316 328
318 500
318 502
318 541
319 444
320 360
321 504
321 542
322 402
323 339
323 350
323 487
324 411
324 565
324 585
325 530
327 432
327 458
327 484
327 578
328 435
328 493
328 505
329 389
332 559
334 344
334 395
334 528
335 428
335 567
336 599
337 576
339 390
340 352
342 393
342 510
343 384
345 510
346 467
347 402
347 430
347 496
347 567
350 361
350 374
350 415
350 550
350 583
351 551
352 537
352 598
353 393
355 535
356 425
356 459
357 447
358 449
359 556
361 458
361 483
361 502
362 396
362 595
363 497
363 557
364 422
365 442
366 475
366 549
367 402
369 388
370 599
371 582
376 549
379 550
380 390
380 436
380 534
381 517
382 442
384 519
384 540
384 554
386 494
387 585
388 444
391 469
393 520
395 478
395 494
395 512
397 555
397 567
398 485
400 545
400 549
401 510
403 453
405 432
406 452
408 418
408 533
410 577
413 532
420 589
421 546
425 563
427 460
431 507
431 592
433 479
434 462
435 450
437 551
442 486
443 483
444 593
445 535
446 515
451 476
451 545
456 506
457 468
457 509
464 563
464 575
465 491
466 469
468 558
470 579
473 490
473 537
477 553
480 486
484 530
485 557
490 521
491 552
496 583
496 599
497 594
500 532
504 522
504 538
505 562
506 545
508 516
515 560
515 573
516 538
518 579
521 584
532 545
537 551
538 595
539 581
551 562
554 593
563 580
